,ts_code,trade_date,open,high,low,close,pre_close,change,pct_chg,vol,amount
0,002449.SZ,20211228,10.45,10.62,10.42,10.59,10.44,0.15,1.4368,61624.02,64907.145
1,002449.SZ,20211227,10.45,10.53,10.35,10.44,10.53,-0.09,-0.8547,80983.8,84367.529
2,002449.SZ,20211224,10.57,10.67,10.5,10.53,10.57,-0.04,-0.3784,63059.13,66700.085
3,002449.SZ,20211223,10.76,10.78,10.54,10.57,10.73,-0.16,-1.4911,79403.89,84296.177
4,002449.SZ,20211222,10.6,10.88,10.55,10.73,10.6,0.13,1.2264,89699.73,96522.721
5,002449.SZ,20211221,10.52,10.62,10.42,10.6,10.47,0.13,1.2416,72101.45,75877.98
6,002449.SZ,20211220,10.61,10.72,10.47,10.47,10.64,-0.17,-1.5977,73414.53,77748.853
7,002449.SZ,20211217,10.92,10.92,10.58,10.64,10.9,-0.26,-2.3853,107861.73,115244.06
8,002449.SZ,20211216,10.86,10.98,10.82,10.9,10.87,0.03,0.276,81042.27,88312.218
9,002449.SZ,20211215,10.93,11.03,10.81,10.87,10.92,-0.05,-0.4579,105839.49,115514.198
10,002449.SZ,20211214,10.74,11.01,10.6,10.92,10.72,0.2,1.8657,144136.9,156753.36
11,002449.SZ,20211213,10.78,10.83,10.59,10.72,10.7,0.02,0.1869,110670.29,118309.868
12,002449.SZ,20211210,10.9,10.96,10.65,10.7,10.97,-0.27,-2.4613,179611.44,193047.366
13,002449.SZ,20211209,10.67,11.59,10.63,10.97,10.62,0.35,3.2957,294799.18,327655.202
14,002449.SZ,20211208,10.58,10.67,10.43,10.62,10.48,0.14,1.3359,95346.19,100997.991
15,002449.SZ,20211207,10.74,10.8,10.4,10.48,10.67,-0.19,-1.7807,113764.03,119967.047
16,002449.SZ,20211206,11.02,11.04,10.65,10.67,10.98,-0.31,-2.8233,112845.63,122057.106
17,002449.SZ,20211203,10.91,11.19,10.9,10.98,10.91,0.07,0.6416,129217.8,142650.042
18,002449.SZ,20211202,11.24,11.33,10.88,10.91,11.32,-0.41,-3.6219,163437.49,180435.639
19,002449.SZ,20211201,11.3,11.43,11.23,11.32,11.41,-0.09,-0.7888,120950.17,136695.46
20,002449.SZ,20211130,11.52,11.62,11.28,11.41,11.43,-0.02,-0.175,131035.1,149696.69
21,002449.SZ,20211129,11.47,11.67,11.29,11.43,11.6,-0.17,-1.4655,138335.1,158511.705
22,002449.SZ,20211126,11.55,11.69,11.45,11.6,11.55,0.05,0.4329,131159.37,151897.74
23,002449.SZ,20211125,11.45,11.74,11.36,11.55,11.39,0.16,1.4047,162188.92,187852.775
24,002449.SZ,20211124,11.29,11.59,11.23,11.39,11.33,0.06,0.5296,151771.04,173580.433
25,002449.SZ,20211123,11.42,11.78,11.27,11.33,11.36,-0.03,-0.2641,227021.31,260678.07
26,002449.SZ,20211122,11.06,11.4,10.91,11.36,11.06,0.3,2.7125,203648.94,229036.18
27,002449.SZ,20211119,11.01,11.13,10.81,11.06,11.02,0.04,0.363,120435.62,132406.854
28,002449.SZ,20211118,11.11,11.28,10.96,11.02,11.17,-0.15,-1.3429,116078.87,128999.845
29,002449.SZ,20211117,11.15,11.23,10.98,11.17,11.16,0.01,0.0896,119668.14,133045.811
30,002449.SZ,20211116,11.2,11.54,11.1,11.16,11.19,-0.03,-0.2681,190773.48,214896.946
31,002449.SZ,20211115,11.37,11.5,11.15,11.19,11.37,-0.18,-1.5831,204672.69,230544.653
32,002449.SZ,20211112,10.99,11.55,10.91,11.37,10.95,0.42,3.8356,314814.38,358477.154
33,002449.SZ,20211111,10.63,11.1,10.62,10.95,10.73,0.22,2.0503,210507.67,230071.702
34,002449.SZ,20211110,10.62,10.8,10.52,10.73,10.62,0.11,1.0358,165286.68,176554.256
35,002449.SZ,20211109,10.41,10.67,10.32,10.62,10.51,0.11,1.0466,125351.94,131563.832
36,002449.SZ,20211108,10.46,10.56,10.35,10.51,10.51,0.0,0.0,109731.41,114672.161
37,002449.SZ,20211105,10.61,10.78,10.48,10.51,10.61,-0.1,-0.9425,156230.15,165345.446
38,002449.SZ,20211104,10.33,10.66,10.26,10.61,10.29,0.32,3.1098,204952.91,216150.29
39,002449.SZ,20211103,10.17,10.53,10.15,10.29,10.17,0.12,1.1799,136264.53,140812.9
40,002449.SZ,20211102,10.28,10.49,10.07,10.17,10.26,-0.09,-0.8772,203213.39,209213.126
41,002449.SZ,20211101,10.27,10.46,10.19,10.26,10.2,0.06,0.5882,204716.19,211194.591
42,002449.SZ,20211029,9.93,10.35,9.91,10.2,9.89,0.31,3.1345,187481.09,191352.459
43,002449.SZ,20211028,9.99,10.23,9.89,9.89,9.97,-0.08,-0.8024,136845.42,137677.171
44,002449.SZ,20211027,10.13,10.2,9.88,9.97,10.09,-0.12,-1.1893,92329.75,92489.708
45,002449.SZ,20211026,10.02,10.16,9.98,10.09,10.01,0.08,0.7992,90650.62,91422.047
46,002449.SZ,20211025,10.0,10.04,9.86,10.01,9.99,0.02,0.2002,78736.46,78256.822
47,002449.SZ,20211022,9.99,10.2,9.95,9.99,10.01,-0.02,-0.1998,94936.1,95617.553
48,002449.SZ,20211021,10.04,10.16,9.9,10.01,10.03,-0.02,-0.1994,95329.87,95871.21
49,002449.SZ,20211020,10.09,10.16,9.97,10.03,10.11,-0.08,-0.7913,88364.33,88809.199
50,002449.SZ,20211019,10.1,10.23,10.05,10.11,10.18,-0.07,-0.6876,103635.05,104841.197
51,002449.SZ,20211018,9.86,10.21,9.8,10.18,9.87,0.31,3.1408,151547.08,152821.882
52,002449.SZ,20211015,9.88,10.05,9.78,9.87,9.88,-0.01,-0.1012,151766.68,150919.343
53,002449.SZ,20211014,9.99,10.15,9.73,9.88,9.32,0.56,6.0086,228055.15,225177.615
54,002449.SZ,20211013,9.43,9.43,9.2,9.32,9.43,-0.11,-1.1665,50129.59,46608.692
55,002449.SZ,20211012,9.48,9.52,9.22,9.43,9.48,-0.05,-0.5274,65605.52,61500.606
56,002449.SZ,20211011,9.39,9.55,9.37,9.48,9.37,0.11,1.174,73387.75,69586.802
57,002449.SZ,20211008,9.27,9.53,9.26,9.37,9.1,0.27,2.967,97118.72,91307.416
58,002449.SZ,20210930,8.97,9.24,8.97,9.1,8.79,0.31,3.5267,78733.39,72004.124
59,002449.SZ,20210929,9.01,9.1,8.79,8.79,9.14,-0.35,-3.8293,83556.33,74613.56
60,002449.SZ,20210928,9.3,9.37,8.95,9.14,9.29,-0.15,-1.6146,124399.69,113415.866
61,002449.SZ,20210927,9.68,9.77,9.24,9.29,9.63,-0.34,-3.5306,103077.62,97121.194
62,002449.SZ,20210924,9.91,9.91,9.6,9.63,9.85,-0.22,-2.2335,81089.47,78920.777
63,002449.SZ,20210923,9.72,9.92,9.68,9.85,9.68,0.17,1.7562,68869.14,67719.953
64,002449.SZ,20210922,9.45,9.71,9.45,9.68,9.63,0.05,0.5192,52250.64,50231.186
65,002449.SZ,20210917,9.7,9.78,9.48,9.63,9.7,-0.07,-0.7216,84792.79,81385.055
66,002449.SZ,20210916,9.93,10.03,9.7,9.7,9.94,-0.24,-2.4145,83644.0,82479.911
67,002449.SZ,20210915,9.91,9.98,9.85,9.94,9.91,0.03,0.3027,64149.1,63633.597
68,002449.SZ,20210914,10.18,10.18,9.89,9.91,10.11,-0.2,-1.9782,88929.28,89173.302
69,002449.SZ,20210913,10.2,10.28,10.03,10.11,10.2,-0.09,-0.8824,94092.44,95292.158
70,002449.SZ,20210910,10.01,10.21,9.94,10.2,10.01,0.19,1.8981,134167.32,135620.588
71,002449.SZ,20210909,10.09,10.09,9.91,10.01,10.07,-0.06,-0.5958,90073.22,89873.455
72,002449.SZ,20210908,10.0,10.11,9.93,10.07,10.01,0.06,0.5994,92353.12,92616.66
73,002449.SZ,20210907,9.91,10.02,9.83,10.01,9.94,0.07,0.7042,85241.84,84917.488
74,002449.SZ,20210906,9.86,9.98,9.77,9.94,9.85,0.09,0.9137,84307.63,83268.403
75,002449.SZ,20210903,9.71,9.89,9.68,9.85,9.72,0.13,1.3374,105946.37,103995.18
76,002449.SZ,20210902,9.79,9.81,9.65,9.72,9.8,-0.08,-0.8163,101608.01,98599.136
77,002449.SZ,20210901,9.93,9.99,9.66,9.8,9.97,-0.17,-1.7051,122969.75,120637.493
78,002449.SZ,20210831,10.15,10.15,9.77,9.97,10.16,-0.19,-1.8701,127212.83,126172.1
79,002449.SZ,20210830,10.13,10.3,10.06,10.16,10.14,0.02,0.1972,127424.27,129859.946
80,002449.SZ,20210827,10.06,10.2,9.91,10.14,10.05,0.09,0.8955,130924.83,131625.772
81,002449.SZ,20210826,10.29,10.41,10.03,10.05,10.04,0.01,0.0996,196628.66,201333.888
82,002449.SZ,20210825,10.13,10.17,10.02,10.04,10.13,-0.09,-0.8885,111383.16,112244.012
83,002449.SZ,20210824,10.11,10.24,10.06,10.13,10.14,-0.01,-0.0986,113052.17,114661.044
84,002449.SZ,20210823,9.92,10.2,9.87,10.14,9.92,0.22,2.2177,124066.8,125378.689
85,002449.SZ,20210820,9.78,9.99,9.67,9.92,9.8,0.12,1.2245,114032.87,112592.427
86,002449.SZ,20210819,9.78,9.92,9.64,9.8,9.8,0.0,0.0,86764.53,85063.5
87,002449.SZ,20210818,10.0,10.04,9.68,9.8,9.98,-0.18,-1.8036,159081.23,156409.539
88,002449.SZ,20210817,10.41,10.46,9.92,9.98,10.46,-0.48,-4.5889,211035.5,213901.723
89,002449.SZ,20210816,10.63,10.66,10.33,10.46,10.61,-0.15,-1.4138,165231.62,173302.839
90,002449.SZ,20210813,10.5,10.64,10.31,10.61,10.58,0.03,0.2836,190473.31,199099.336
91,002449.SZ,20210812,10.55,10.79,10.5,10.58,10.62,-0.04,-0.3766,166423.27,176820.033
92,002449.SZ,20210811,10.39,10.64,10.26,10.62,10.44,0.18,1.7241,162934.01,171195.293
93,002449.SZ,20210810,10.47,10.65,10.28,10.44,10.44,0.0,0.0,168261.71,176066.14
94,002449.SZ,20210809,10.65,10.85,10.35,10.44,10.75,-0.31,-2.8837,171707.31,180015.339
95,002449.SZ,20210806,10.6,10.78,10.41,10.75,10.61,0.14,1.3195,176995.04,187411.318
96,002449.SZ,20210805,10.8,11.24,10.56,10.61,10.58,0.03,0.2836,350810.88,382008.609
97,002449.SZ,20210804,10.25,10.63,10.23,10.58,10.28,0.3,2.9183,206279.86,216485.304
98,002449.SZ,20210803,10.96,10.97,10.22,10.28,10.91,-0.63,-5.7745,319411.37,335790.557
99,002449.SZ,20210802,10.94,11.14,10.7,10.91,11.06,-0.15,-1.3562,251887.95,274227.723
100,002449.SZ,20210730,11.04,11.23,10.8,11.06,11.19,-0.13,-1.1618,268113.85,295685.707
101,002449.SZ,20210729,11.21,11.32,10.79,11.19,10.92,0.27,2.4725,362110.92,401621.367
102,002449.SZ,20210728,10.66,11.23,10.33,10.92,10.87,0.05,0.46,332522.33,361064.729
103,002449.SZ,20210727,11.48,11.54,10.6,10.87,11.29,-0.42,-3.7201,457092.27,512634.821
104,002449.SZ,20210726,11.17,11.47,11.0,11.29,10.91,0.38,3.483,506037.96,569850.365
105,002449.SZ,20210723,11.02,11.33,10.9,10.91,11.22,-0.31,-2.7629,504662.04,557884.552
106,002449.SZ,20210722,10.35,11.31,10.3,11.22,10.28,0.94,9.144,732287.88,802881.747
107,002449.SZ,20210721,10.07,10.43,9.97,10.28,10.0,0.28,2.8,376657.45,384844.388
108,002449.SZ,20210720,9.57,10.05,9.52,10.0,9.66,0.34,3.5197,210632.47,206825.522
109,002449.SZ,20210719,9.5,9.69,9.46,9.66,9.48,0.18,1.8987,97041.71,93287.812
110,002449.SZ,20210716,9.5,9.63,9.41,9.48,9.47,0.01,0.1056,96788.4,92398.118
111,002449.SZ,20210715,9.72,9.82,9.44,9.47,9.77,-0.3,-3.0706,157350.48,150369.121
112,002449.SZ,20210714,9.8,9.89,9.69,9.77,9.81,-0.04,-0.4077,107899.0,105620.781
113,002449.SZ,20210713,10.02,10.08,9.75,9.81,10.07,-0.26,-2.5819,205029.88,202453.138
114,002449.SZ,20210712,10.15,10.19,9.98,10.07,10.08,-0.01,-0.0992,167451.11,168559.7
115,002449.SZ,20210709,10.11,10.18,9.93,10.08,10.19,-0.11,-1.0795,159664.16,160394.986
116,002449.SZ,20210708,10.13,10.26,10.05,10.19,10.11,0.08,0.7913,163122.06,165899.526
117,002449.SZ,20210707,10.05,10.19,9.94,10.11,10.19,-0.08,-0.7851,143264.01,144282.092
118,002449.SZ,20210706,10.26,10.3,9.96,10.19,10.25,-0.06,-0.5854,234731.97,237438.301
119,002449.SZ,20210705,9.99,10.27,9.92,10.25,9.85,0.4,4.0609,257535.28,260864.42
120,002449.SZ,20210702,9.83,10.07,9.7,9.85,9.93,-0.08,-0.8056,186600.66,183841.874
121,002449.SZ,20210701,10.01,10.04,9.87,9.93,10.1,-0.17,-1.6832,199844.38,198790.262
122,002449.SZ,20210630,9.65,10.1,9.63,10.1,9.68,0.42,4.3388,260915.09,260251.543
123,002449.SZ,20210629,9.92,9.97,9.65,9.68,9.98,-0.3,-3.006,182917.95,178688.681
124,002449.SZ,20210628,9.67,10.14,9.67,9.98,9.67,0.31,3.2058,264853.06,263301.747
125,002449.SZ,20210625,9.7,9.8,9.55,9.67,9.66,0.01,0.1035,140991.71,136535.305
126,002449.SZ,20210624,9.81,9.87,9.64,9.66,9.87,-0.21,-2.1277,128428.1,124932.841
127,002449.SZ,20210623,9.65,10.0,9.61,9.87,9.71,0.16,1.6478,234804.9,231032.273
128,002449.SZ,20210622,9.84,10.04,9.57,9.71,9.85,-0.14,-1.4213,231574.75,224928.209
129,002449.SZ,20210621,9.62,10.15,9.6,9.91,9.72,0.19,1.9547,278908.51,277754.268
130,002449.SZ,20210618,9.77,9.79,9.56,9.72,9.83,-0.11,-1.119,257676.43,249830.322
131,002449.SZ,20210617,9.26,9.88,9.25,9.83,9.32,0.51,5.4721,365241.72,352559.803
132,002449.SZ,20210616,9.22,9.44,9.17,9.32,9.15,0.17,1.8579,204644.43,190820.656
133,002449.SZ,20210615,9.11,9.29,9.04,9.15,8.97,0.18,2.0067,128663.6,118128.419
134,002449.SZ,20210611,9.24,9.25,8.96,8.97,9.24,-0.27,-2.9221,102642.25,93499.431
135,002449.SZ,20210610,9.13,9.26,9.05,9.24,9.14,0.1,1.0941,102653.98,94079.681
136,002449.SZ,20210609,9.13,9.27,9.06,9.14,9.18,-0.04,-0.4357,88057.47,80621.436
137,002449.SZ,20210608,9.35,9.35,9.15,9.18,9.35,-0.17,-1.8182,122111.49,112597.869
138,002449.SZ,20210607,9.24,9.46,9.21,9.35,9.16,0.19,2.0742,170184.3,158917.019
139,002449.SZ,20210604,9.21,9.29,9.08,9.16,9.32,-0.16,-1.7167,150898.61,138208.333
140,002449.SZ,20210603,9.18,9.34,9.06,9.32,9.24,0.08,0.8658,184337.68,169618.33
141,002449.SZ,20210602,9.1,9.42,8.98,9.24,9.09,0.15,1.6502,215291.01,198605.024
142,002449.SZ,20210601,8.98,9.09,8.86,9.09,8.99,0.1,1.1123,109173.87,98652.502
143,002449.SZ,20210531,8.95,9.11,8.94,8.99,8.95,0.04,0.4469,81121.6,73040.617
144,002449.SZ,20210528,9.01,9.07,8.89,8.95,9.04,-0.09,-0.9956,91790.58,82246.428
145,002449.SZ,20210527,8.83,9.15,8.81,9.04,8.87,0.17,1.9166,142094.07,128237.902
146,002449.SZ,20210526,8.8,8.91,8.75,8.87,8.8,0.07,0.7955,75006.75,66372.59
147,002449.SZ,20210525,8.82,8.82,8.73,8.8,8.79,0.01,0.1138,61688.52,54163.157
148,002449.SZ,20210524,8.7,8.79,8.64,8.79,8.71,0.08,0.9185,47406.76,41340.32
149,002449.SZ,20210521,8.75,8.8,8.67,8.71,8.71,0.0,0.0,57106.39,49920.492
150,002449.SZ,20210520,8.75,8.78,8.65,8.71,8.8,-0.09,-1.0227,63305.38,55119.531
151,002449.SZ,20210519,8.78,8.87,8.74,8.8,8.85,-0.05,-0.565,59524.09,52356.246
152,002449.SZ,20210518,8.8,8.85,8.6,8.85,8.97,-0.12,-1.3378,98045.33,85752.921
153,002449.SZ,20210517,8.9,9.18,8.88,8.97,8.96,0.01,0.1116,127509.3,115476.558
154,002449.SZ,20210514,8.98,9.03,8.79,8.96,8.94,0.02,0.2237,93854.94,83532.442
155,002449.SZ,20210513,8.81,9.07,8.78,8.94,8.9,0.04,0.4494,99038.73,88740.531
156,002449.SZ,20210512,8.78,8.93,8.67,8.9,8.74,0.16,1.8307,81727.89,72150.866
157,002449.SZ,20210511,8.72,8.8,8.57,8.74,8.81,-0.07,-0.7946,73595.28,63958.414
158,002449.SZ,20210510,8.78,8.93,8.74,8.81,8.85,-0.04,-0.452,81808.66,72222.6
159,002449.SZ,20210507,8.75,8.94,8.65,8.85,8.72,0.13,1.4908,100344.89,88598.485
160,002449.SZ,20210506,8.71,8.83,8.62,8.72,8.73,-0.01,-0.1145,73899.3,64460.536
161,002449.SZ,20210430,8.71,8.83,8.63,8.73,8.79,-0.06,-0.6826,93091.88,81079.755
162,002449.SZ,20210429,8.83,9.02,8.73,8.79,8.83,-0.04,-0.453,120129.54,106768.976
163,002449.SZ,20210428,8.9,8.96,8.7,8.83,9.15,-0.32,-3.4973,184071.5,162245.85
164,002449.SZ,20210427,9.24,9.32,9.08,9.15,9.2,-0.05,-0.5435,163611.57,150203.493
165,002449.SZ,20210426,9.19,9.49,9.1,9.2,9.01,0.19,2.1088,273163.41,254391.784
166,002449.SZ,20210423,9.15,9.17,8.94,9.01,9.31,-0.3,-3.2223,342051.95,309216.085
167,002449.SZ,20210422,8.7,9.49,8.7,9.31,8.63,0.68,7.8795,576976.82,537501.27
168,002449.SZ,20210421,9.05,9.15,8.6,8.63,8.87,-0.24,-2.7057,157028.97,137091.688
169,002449.SZ,20210420,8.68,9.04,8.68,8.87,8.73,0.14,1.6037,160610.37,142886.214
170,002449.SZ,20210419,8.58,8.78,8.54,8.73,8.57,0.16,1.867,106414.81,92495.412
171,002449.SZ,20210416,8.47,8.6,8.4,8.57,8.44,0.13,1.5403,70232.41,59778.09
172,002449.SZ,20210415,8.41,8.47,8.32,8.44,8.47,-0.03,-0.3542,38295.31,32126.024
173,002449.SZ,20210414,8.34,8.49,8.29,8.47,8.29,0.18,2.1713,46530.78,39210.013
174,002449.SZ,20210413,8.33,8.37,8.26,8.29,8.35,-0.06,-0.7186,34806.52,28894.66
175,002449.SZ,20210412,8.54,8.55,8.26,8.35,8.54,-0.19,-2.2248,62057.29,51950.129
176,002449.SZ,20210409,8.49,8.57,8.46,8.54,8.5,0.04,0.4706,48984.83,41705.706
177,002449.SZ,20210408,8.6,8.71,8.46,8.5,8.66,-0.16,-1.8476,77759.01,66703.5
178,002449.SZ,20210407,8.71,8.78,8.61,8.66,8.75,-0.09,-1.0286,86037.15,74661.891
179,002449.SZ,20210406,8.69,8.83,8.56,8.75,8.56,0.19,2.2196,128803.45,112268.573
180,002449.SZ,20210402,8.32,8.62,8.32,8.56,8.28,0.28,3.3816,122301.11,104130.955
181,002449.SZ,20210401,8.16,8.32,8.1,8.28,8.15,0.13,1.5951,54347.2,44723.425
182,002449.SZ,20210331,8.11,8.21,8.1,8.15,8.13,0.02,0.246,35262.0,28749.001
183,002449.SZ,20210330,8.25,8.29,8.11,8.13,8.27,-0.14,-1.6929,47101.05,38487.096
184,002449.SZ,20210329,8.36,8.42,8.24,8.27,8.33,-0.06,-0.7203,44322.74,36779.371
185,002449.SZ,20210326,8.31,8.35,8.24,8.33,8.26,0.07,0.8475,39257.0,32599.796
186,002449.SZ,20210325,8.29,8.37,8.24,8.26,8.32,-0.06,-0.7212,44030.27,36513.405
187,002449.SZ,20210324,8.48,8.55,8.29,8.32,8.5,-0.18,-2.1176,68435.2,57457.715
188,002449.SZ,20210323,8.55,8.68,8.42,8.5,8.55,-0.05,-0.5848,67269.17,57495.116
189,002449.SZ,20210322,8.48,8.6,8.43,8.55,8.48,0.07,0.8255,52997.18,45218.194
190,002449.SZ,20210319,8.4,8.63,8.33,8.48,8.47,0.01,0.1181,66679.01,56631.307
191,002449.SZ,20210318,8.6,8.61,8.42,8.47,8.62,-0.15,-1.7401,60533.67,51502.409
192,002449.SZ,20210317,8.48,8.7,8.46,8.62,8.53,0.09,1.0551,63545.59,54688.238
193,002449.SZ,20210316,8.45,8.59,8.34,8.53,8.51,0.02,0.235,67598.26,57397.797
194,002449.SZ,20210315,8.33,8.6,8.21,8.51,8.36,0.15,1.7943,83167.94,69946.62
195,002449.SZ,20210312,8.53,8.58,8.34,8.36,8.65,-0.29,-3.3526,108559.49,91460.221
196,002449.SZ,20210311,8.09,8.9,7.93,8.65,8.09,0.56,6.9221,183151.85,156257.752
197,002449.SZ,20210310,8.43,8.6,8.03,8.09,8.43,-0.34,-4.0332,85563.82,70350.48
198,002449.SZ,20210309,8.63,8.67,8.3,8.43,8.64,-0.21,-2.4306,89593.23,75891.272
199,002449.SZ,20210308,8.79,8.97,8.6,8.64,8.66,-0.02,-0.2309,110171.01,96804.264
200,002449.SZ,20210305,8.48,8.71,8.43,8.66,8.62,0.04,0.464,94091.79,80951.371
201,002449.SZ,20210304,8.36,8.98,8.35,8.62,8.39,0.23,2.7414,171875.79,149036.876
202,002449.SZ,20210303,8.36,8.46,8.31,8.39,8.36,0.03,0.3589,51488.24,43167.426
203,002449.SZ,20210302,8.52,8.54,8.28,8.36,8.49,-0.13,-1.5312,59393.28,49809.199
204,002449.SZ,20210301,8.42,8.52,8.37,8.49,8.35,0.14,1.6766,54298.24,45863.03
205,002449.SZ,20210226,8.37,8.48,8.32,8.35,8.46,-0.11,-1.3002,53612.02,44952.192
206,002449.SZ,20210225,8.58,8.59,8.44,8.46,8.57,-0.11,-1.2835,71913.35,60966.977
207,002449.SZ,20210224,8.4,8.7,8.4,8.57,8.47,0.1,1.1806,107469.18,92062.551
208,002449.SZ,20210223,8.4,8.48,8.22,8.47,8.42,0.05,0.5938,98704.55,82604.726
209,002449.SZ,20210222,8.46,8.68,8.41,8.42,8.45,-0.03,-0.355,109177.29,93212.253
210,002449.SZ,20210219,8.16,8.48,8.12,8.45,8.15,0.3,3.681,77094.27,64225.743
211,002449.SZ,20210218,8.0,8.28,7.99,8.15,7.93,0.22,2.7743,86733.3,70873.563
212,002449.SZ,20210210,7.91,7.94,7.81,7.93,7.85,0.08,1.0191,62811.53,49499.439
213,002449.SZ,20210209,7.73,7.9,7.7,7.85,7.69,0.16,2.0806,65787.64,51441.748
214,002449.SZ,20210208,7.71,7.85,7.65,7.69,7.69,0.0,0.0,77416.49,60012.615
215,002449.SZ,20210205,8.11,8.15,7.68,7.69,8.12,-0.43,-5.2956,132084.89,103780.573
216,002449.SZ,20210204,8.4,8.4,7.78,8.12,8.44,-0.32,-3.7915,205354.93,164883.014
217,002449.SZ,20210203,9.03,9.03,8.42,8.44,9.06,-0.62,-6.8433,226434.43,194675.333
218,002449.SZ,20210202,9.3,9.35,9.02,9.06,9.28,-0.22,-2.3707,118714.17,108148.858
219,002449.SZ,20210201,9.56,9.69,9.22,9.28,9.62,-0.34,-3.5343,138793.2,131033.515
220,002449.SZ,20210129,10.01,10.15,9.53,9.62,9.89,-0.27,-2.73,144251.31,140154.407
221,002449.SZ,20210128,9.9,10.25,9.69,9.89,10.26,-0.37,-3.6062,166767.42,166782.704
222,002449.SZ,20210127,10.24,10.48,10.14,10.26,10.23,0.03,0.2933,184908.54,190982.687
223,002449.SZ,20210126,10.0,10.3,9.97,10.23,10.14,0.09,0.8876,154784.3,157845.725
224,002449.SZ,20210125,9.76,10.21,9.64,10.14,9.82,0.32,3.2587,195448.49,195574.569
225,002449.SZ,20210122,10.09,10.09,9.73,9.82,10.12,-0.3,-2.9644,145286.16,143136.515
226,002449.SZ,20210121,10.11,10.26,9.97,10.12,10.13,-0.01,-0.0987,134855.98,136529.508
227,002449.SZ,20210120,10.01,10.45,10.0,10.13,10.04,0.09,0.8964,130441.08,132948.858
228,002449.SZ,20210119,10.04,10.22,9.98,10.04,10.04,0.0,0.0,143238.05,144610.704
229,002449.SZ,20210118,9.81,10.1,9.73,10.04,9.82,0.22,2.2403,109617.42,109417.25
230,002449.SZ,20210115,9.89,9.99,9.76,9.82,9.89,-0.07,-0.7078,98991.4,97528.795
231,002449.SZ,20210114,9.48,10.19,9.41,9.89,9.48,0.41,4.3249,184186.77,180793.961
232,002449.SZ,20210113,9.82,9.83,9.48,9.48,9.81,-0.33,-3.3639,116847.73,112418.229
233,002449.SZ,20210112,9.87,9.88,9.6,9.81,9.82,-0.01,-0.1018,100334.12,97694.754
234,002449.SZ,20210111,9.7,10.09,9.66,9.82,9.75,0.07,0.7179,114830.88,113968.587
235,002449.SZ,20210108,9.54,9.78,9.29,9.75,9.59,0.16,1.6684,93305.35,89598.812
236,002449.SZ,20210107,9.96,9.96,9.52,9.59,9.93,-0.34,-3.424,142610.69,138162.931
237,002449.SZ,20210106,10.26,10.27,9.93,9.93,10.17,-0.24,-2.3599,110629.28,110909.981
238,002449.SZ,20210105,10.25,10.32,9.86,10.17,10.26,-0.09,-0.8772,182668.21,184031.716
239,002449.SZ,20210104,10.15,10.3,10.12,10.26,10.2,0.06,0.5882,96695.4,98828.069
240,002449.SZ,20201231,10.17,10.34,10.09,10.2,10.21,-0.01,-0.0979,88753.49,90671.337
241,002449.SZ,20201230,9.95,10.28,9.91,10.21,10.0,0.21,2.1,104390.75,106092.038
242,002449.SZ,20201229,9.69,10.29,9.67,10.0,9.67,0.33,3.4126,107427.28,107532.548
243,002449.SZ,20201228,9.92,9.95,9.64,9.67,9.95,-0.28,-2.8141,93566.02,91118.289
244,002449.SZ,20201225,9.83,10.03,9.83,9.95,9.92,0.03,0.3024,54225.65,53978.853
245,002449.SZ,20201224,10.07,10.09,9.81,9.92,10.08,-0.16,-1.5873,95268.33,94670.916
246,002449.SZ,20201223,10.08,10.19,10.0,10.08,10.04,0.04,0.3984,77808.21,78469.911
247,002449.SZ,20201222,10.25,10.28,10.0,10.04,10.31,-0.27,-2.6188,91383.14,92674.544
248,002449.SZ,20201221,10.24,10.41,10.05,10.31,10.23,0.08,0.782,68922.02,71088.217
249,002449.SZ,20201218,10.4,10.49,10.17,10.23,10.39,-0.16,-1.5399,75760.3,77941.236
250,002449.SZ,20201217,10.2,10.4,9.9,10.39,10.2,0.19,1.8627,106171.54,108063.441
251,002449.SZ,20201216,10.4,10.43,10.15,10.2,10.4,-0.2,-1.9231,66765.29,68468.539
252,002449.SZ,20201215,10.35,10.49,10.28,10.4,10.37,0.03,0.2893,60012.95,62336.9
253,002449.SZ,20201214,10.28,10.43,10.15,10.37,10.36,0.01,0.0965,107376.41,110512.175
254,002449.SZ,20201211,10.91,10.91,10.12,10.36,10.9,-0.54,-4.9541,223508.32,231882.001
255,002449.SZ,20201210,11.14,11.2,10.89,10.9,11.16,-0.26,-2.3297,110692.83,121873.739
256,002449.SZ,20201209,11.54,11.56,11.11,11.16,11.62,-0.46,-3.9587,125686.16,142241.62
257,002449.SZ,20201208,11.48,11.63,11.36,11.62,11.47,0.15,1.3078,112509.92,129307.914
258,002449.SZ,20201207,11.62,11.81,11.45,11.47,11.53,-0.06,-0.5204,126671.04,147275.496
259,002449.SZ,20201204,11.5,11.67,11.43,11.53,11.5,0.03,0.2609,126647.21,146058.095
260,002449.SZ,20201203,11.8,11.94,11.47,11.5,11.68,-0.18,-1.5411,233897.66,272961.173
261,002449.SZ,20201202,11.42,11.8,11.35,11.68,11.34,0.34,2.9982,281941.13,326994.853
262,002449.SZ,20201201,10.94,11.43,10.86,11.34,10.94,0.4,3.6563,207293.58,233776.415
263,002449.SZ,20201130,10.93,11.13,10.8,10.94,10.93,0.01,0.0915,95035.22,104453.349
264,002449.SZ,20201127,10.96,11.05,10.75,10.93,10.94,-0.01,-0.0914,86213.7,93864.36
265,002449.SZ,20201126,11.04,11.16,10.85,10.94,11.08,-0.14,-1.2635,109035.4,119907.236
266,002449.SZ,20201125,11.14,11.29,11.08,11.08,11.12,-0.04,-0.3597,98598.75,110197.662
267,002449.SZ,20201124,11.14,11.25,11.05,11.12,11.15,-0.03,-0.2691,106330.34,118776.054
268,002449.SZ,20201123,11.05,11.28,10.96,11.15,11.08,0.07,0.6318,123851.34,138181.016
269,002449.SZ,20201120,11.06,11.13,10.95,11.08,11.08,0.0,0.0,92220.23,101827.6
270,002449.SZ,20201119,11.13,11.39,11.03,11.08,11.19,-0.11,-0.983,158758.88,177727.975
271,002449.SZ,20201118,10.88,11.35,10.84,11.19,10.92,0.27,2.4725,232340.05,257613.299
272,002449.SZ,20201117,10.7,10.94,10.54,10.92,10.73,0.19,1.7707,135679.59,145402.927
273,002449.SZ,20201116,10.67,10.82,10.61,10.73,10.67,0.06,0.5623,90711.03,97310.342
274,002449.SZ,20201113,10.53,10.72,10.4,10.67,10.57,0.1,0.9461,88700.12,94070.353
275,002449.SZ,20201112,10.58,10.7,10.52,10.57,10.53,0.04,0.3799,79479.12,84273.065
276,002449.SZ,20201111,10.77,10.77,10.51,10.53,10.78,-0.25,-2.3191,102640.35,108894.128
277,002449.SZ,20201110,10.71,10.92,10.54,10.78,10.73,0.05,0.466,163673.81,175513.809
278,002449.SZ,20201109,10.39,10.84,10.39,10.73,10.31,0.42,4.0737,189251.27,201755.126
279,002449.SZ,20201106,10.38,10.46,10.23,10.31,10.38,-0.07,-0.6744,131009.4,135342.772
280,002449.SZ,20201105,10.4,10.46,10.26,10.38,10.27,0.11,1.0711,100026.11,103519.249
281,002449.SZ,20201104,10.42,10.44,10.24,10.27,10.36,-0.09,-0.8687,83121.26,85834.444
282,002449.SZ,20201103,9.93,10.36,9.92,10.36,9.9,0.46,4.6465,126469.05,129290.755
283,002449.SZ,20201102,10.0,10.02,9.79,9.9,9.98,-0.08,-0.8016,94656.11,93599.693
284,002449.SZ,20201030,10.18,10.28,9.98,9.98,10.18,-0.2,-1.9646,114483.02,115538.62
285,002449.SZ,20201029,10.09,10.24,10.06,10.18,10.25,-0.07,-0.6829,76237.06,77507.62
286,002449.SZ,20201028,10.39,10.39,10.08,10.25,10.37,-0.12,-1.1572,100136.14,102159.225
287,002449.SZ,20201027,10.38,10.48,10.28,10.37,10.49,-0.12,-1.1439,66196.62,68608.121
288,002449.SZ,20201026,10.43,10.5,10.26,10.49,10.44,0.05,0.4789,61663.46,64246.518
289,002449.SZ,20201023,10.6,10.69,10.37,10.44,10.6,-0.16,-1.5094,81424.74,85525.768
290,002449.SZ,20201022,10.42,10.68,10.26,10.6,10.49,0.11,1.0486,93902.61,98594.633
291,002449.SZ,20201021,10.73,10.75,10.37,10.49,10.75,-0.26,-2.4186,131020.13,137961.556
292,002449.SZ,20201020,10.73,10.76,10.59,10.75,10.73,0.02,0.1864,75461.71,80551.771
293,002449.SZ,20201019,10.73,10.87,10.67,10.73,10.73,0.0,0.0,87067.45,93701.588
294,002449.SZ,20201016,10.63,10.76,10.61,10.73,10.63,0.1,0.9407,80675.95,86202.947
295,002449.SZ,20201015,10.77,10.88,10.58,10.63,10.76,-0.13,-1.2082,153278.38,163875.81
296,002449.SZ,20201014,11.5,11.5,10.73,10.76,11.8,-1.04,-8.8136,414413.75,454920.738
297,002449.SZ,20201013,11.85,11.85,11.67,11.8,11.84,-0.04,-0.3378,97353.09,114489.448
298,002449.SZ,20201012,11.43,11.86,11.43,11.84,11.39,0.45,3.9508,133029.73,155715.962
299,002449.SZ,20201009,11.3,11.47,11.26,11.39,11.08,0.31,2.7978,87265.08,99280.97
300,002449.SZ,20200930,11.19,11.21,11.01,11.08,11.16,-0.08,-0.7168,63804.93,70795.48
301,002449.SZ,20200929,11.15,11.3,11.1,11.16,11.08,0.08,0.722,64089.25,71756.315
302,002449.SZ,20200928,11.14,11.2,11.01,11.08,11.12,-0.04,-0.3597,70518.08,78381.735
303,002449.SZ,20200925,11.5,11.52,11.06,11.12,11.38,-0.26,-2.2847,131738.0,147871.352
304,002449.SZ,20200924,11.9,11.95,11.38,11.38,12.05,-0.67,-5.5602,169470.86,196367.187
305,002449.SZ,20200923,12.05,12.16,11.97,12.05,12.03,0.02,0.1663,79565.34,95866.177
306,002449.SZ,20200922,12.27,12.35,11.96,12.03,12.4,-0.37,-2.9839,136761.66,165872.158
307,002449.SZ,20200921,12.54,12.65,12.36,12.4,12.59,-0.19,-1.5091,114050.0,142444.869
308,002449.SZ,20200918,12.36,12.6,12.31,12.59,12.41,0.18,1.4504,113664.45,141824.801
309,002449.SZ,20200917,12.25,12.56,12.09,12.41,12.29,0.12,0.9764,124067.85,152939.144
310,002449.SZ,20200916,12.42,12.67,12.26,12.29,12.46,-0.17,-1.3644,125072.1,155897.54
311,002449.SZ,20200915,12.61,12.61,12.31,12.46,12.66,-0.2,-1.5798,118161.63,146974.38
312,002449.SZ,20200914,12.39,12.67,12.24,12.66,12.24,0.42,3.4314,155447.12,194588.548
313,002449.SZ,20200911,11.99,12.24,11.91,12.24,11.95,0.29,2.4268,101569.34,123020.41
314,002449.SZ,20200910,12.6,12.7,11.9,11.95,12.52,-0.57,-4.5527,208267.3,254953.8
315,002449.SZ,20200909,13.15,13.16,12.5,12.52,13.4,-0.88,-6.5672,337367.38,430564.969
316,002449.SZ,20200908,13.72,13.72,13.15,13.4,13.71,-0.31,-2.2611,284902.57,381970.375
317,002449.SZ,20200907,13.97,14.1,13.54,13.71,13.6,0.11,0.8088,448925.58,623485.796
318,002449.SZ,20200904,12.72,13.75,12.7,13.6,12.98,0.62,4.7766,374265.46,502228.244
319,002449.SZ,20200903,13.28,13.28,12.93,12.98,13.31,-0.33,-2.4793,150858.94,196957.705
320,002449.SZ,20200902,13.09,13.39,13.0,13.31,13.09,0.22,1.6807,164959.33,218590.703
321,002449.SZ,20200901,13.01,13.1,12.9,13.09,13.01,0.08,0.6149,94027.21,122225.556
322,002449.SZ,20200831,13.18,13.46,13.0,13.01,13.11,-0.1,-0.7628,157254.26,208198.357
323,002449.SZ,20200828,12.9,13.18,12.79,13.11,12.94,0.17,1.3138,144373.7,187572.35
324,002449.SZ,20200827,12.94,13.15,12.86,12.94,12.99,-0.05,-0.3849,150970.55,196033.144
325,002449.SZ,20200826,13.4,13.44,12.9,12.99,13.44,-0.45,-3.3482,186347.69,244537.484
326,002449.SZ,20200825,13.48,13.63,13.26,13.44,13.39,0.05,0.3734,174189.82,234423.427
327,002449.SZ,20200824,13.27,13.64,13.0,13.39,13.28,0.11,0.8283,168687.84,225637.852
328,002449.SZ,20200821,13.53,13.62,13.15,13.28,13.39,-0.11,-0.8215,170060.8,227144.003
329,002449.SZ,20200820,13.3,13.55,13.13,13.39,13.41,-0.02,-0.1491,136741.81,183050.248
330,002449.SZ,20200819,14.06,14.08,13.36,13.41,14.09,-0.68,-4.8261,286449.69,390555.794
331,002449.SZ,20200818,14.14,14.36,13.95,14.09,14.29,-0.2,-1.3996,293255.11,414308.66
332,002449.SZ,20200817,13.75,14.4,13.6,14.29,13.68,0.61,4.4591,427205.59,604542.4
333,002449.SZ,20200814,13.7,13.83,13.34,13.68,13.88,-0.2,-1.4409,265460.41,361095.14
334,002449.SZ,20200813,13.69,14.11,13.45,13.88,13.79,0.09,0.6526,411309.45,568436.938
335,002449.SZ,20200812,13.2,13.9,12.8,13.79,13.06,0.73,5.5896,434001.89,578053.523
336,002449.SZ,20200811,13.54,13.75,13.0,13.06,13.64,-0.58,-4.2522,340499.22,454142.719
337,002449.SZ,20200810,13.46,13.89,13.18,13.64,13.57,0.07,0.5158,306023.92,413626.605
338,002449.SZ,20200807,14.3,14.3,13.21,13.57,14.36,-0.79,-5.5014,545626.61,740643.618
339,002449.SZ,20200806,14.12,14.49,14.01,14.36,14.22,0.14,0.9845,402355.05,574338.106
340,002449.SZ,20200805,14.39,14.56,13.87,14.22,14.14,0.08,0.5658,436537.6,619500.155
341,002449.SZ,20200804,15.1,15.11,14.06,14.14,15.21,-1.07,-7.0348,666577.66,960654.952
342,002449.SZ,20200803,14.85,15.3,14.67,15.21,14.85,0.36,2.4242,685976.98,1028542.211
343,002449.SZ,20200731,14.6,15.36,14.43,14.85,14.55,0.3,2.0619,606044.67,902344.44
344,002449.SZ,20200730,14.28,14.93,14.2,14.55,14.12,0.43,3.0453,785943.02,1143768.717
345,002449.SZ,20200729,12.75,14.12,12.61,14.12,12.84,1.28,9.9688,688173.67,937929.919
346,002449.SZ,20200728,13.4,13.47,12.61,12.84,13.09,-0.25,-1.9099,346252.62,449155.25
347,002449.SZ,20200727,12.84,13.77,12.83,13.09,12.61,0.48,3.8065,389004.52,515781.374
348,002449.SZ,20200724,13.61,13.73,12.6,12.61,13.75,-1.14,-8.2909,429799.55,563022.405
349,002449.SZ,20200723,13.75,14.0,13.52,13.75,13.92,-0.17,-1.2213,426122.92,584996.791
350,002449.SZ,20200722,13.0,14.29,12.94,13.92,13.22,0.7,5.295,752176.68,1039633.821
351,002449.SZ,20200721,12.59,13.35,12.49,13.22,12.59,0.63,5.004,556105.83,722210.961
352,002449.SZ,20200720,12.0,12.64,11.8,12.59,11.94,0.65,5.4439,349275.44,427500.795
353,002449.SZ,20200717,11.86,12.19,11.7,11.94,11.83,0.11,0.9298,233852.42,279599.598
354,002449.SZ,20200716,12.25,12.47,11.8,11.83,12.25,-0.42,-3.4286,330384.02,402655.123
355,002449.SZ,20200715,12.78,12.88,12.14,12.25,12.71,-0.46,-3.6192,428694.75,532424.923
356,002449.SZ,20200714,13.5,13.5,12.66,12.71,14.07,-1.36,-9.666,1002549.18,1300091.138
357,002449.SZ,20200713,13.27,14.14,13.25,14.07,13.25,0.82,6.1887,461756.35,635777.556
358,002449.SZ,20200710,13.41,13.64,13.21,13.25,13.58,-0.33,-2.43,297016.59,397883.135
359,002449.SZ,20200709,13.28,13.78,13.19,13.58,13.22,0.36,2.7231,435036.2,585988.56
360,002449.SZ,20200708,13.04,13.3,12.92,13.22,13.04,0.18,1.3804,357790.0,470115.565
361,002449.SZ,20200707,13.15,13.72,12.99,13.04,13.14,-0.1,-0.761,526857.51,701093.508
362,002449.SZ,20200706,12.7,13.26,12.6,13.14,12.53,0.61,4.8683,460631.34,597022.727
363,002449.SZ,20200703,12.2,12.55,12.02,12.53,12.14,0.39,3.2125,483414.12,594263.449
364,002449.SZ,20200702,11.5,12.15,11.42,12.14,11.53,0.61,5.2905,454389.23,540422.665
365,002449.SZ,20200701,11.63,11.69,11.38,11.53,11.6,-0.07,-0.6034,215668.82,248540.545
366,002449.SZ,20200630,11.52,11.84,11.5,11.6,11.48,0.12,1.0453,221007.29,257458.102
367,002449.SZ,20200629,11.65,11.75,11.35,11.48,11.79,-0.31,-2.6293,188747.78,217578.07
368,002449.SZ,20200624,11.95,11.96,11.7,11.79,11.85,-0.06,-0.5063,166349.9,196888.198
369,002449.SZ,20200623,11.84,11.9,11.64,11.85,11.94,-0.09,-0.7538,207312.82,243575.276
370,002449.SZ,20200622,11.69,12.09,11.64,11.94,11.59,0.35,3.0198,381891.59,454066.317
371,002449.SZ,20200619,11.6,11.75,11.5,11.59,11.64,-0.05,-0.4296,244485.75,284029.85
372,002449.SZ,20200618,11.1,11.68,11.07,11.64,11.11,0.53,4.7705,316630.87,360848.22
373,002449.SZ,20200617,11.18,11.25,10.97,11.11,11.17,-0.06,-0.5372,129201.16,143341.451
374,002449.SZ,20200616,11.02,11.19,11.02,11.17,10.88,0.29,2.6654,125150.21,139099.932
375,002449.SZ,20200615,11.1,11.19,10.84,10.88,11.17,-0.29,-2.5962,182446.24,200727.683
376,002449.SZ,20200612,11.05,11.27,11.03,11.17,11.33,-0.16,-1.4122,167823.85,187514.411
377,002449.SZ,20200611,11.74,11.88,11.52,11.63,11.76,-0.13,-1.1054,193179.93,226206.08
378,002449.SZ,20200610,11.8,11.85,11.58,11.76,11.88,-0.12,-1.0101,164147.01,191764.37
379,002449.SZ,20200609,12.07,12.09,11.74,11.88,12.07,-0.19,-1.5742,268222.93,317938.083
380,002449.SZ,20200608,12.04,12.42,11.93,12.07,11.85,0.22,1.8565,438535.21,533892.455
381,002449.SZ,20200605,12.05,12.06,11.74,11.85,11.89,-0.04,-0.3364,232996.49,277500.496
382,002449.SZ,20200604,11.86,12.28,11.82,11.89,11.84,0.05,0.4223,289378.2,347199.122
383,002449.SZ,20200603,12.19,12.48,11.7,11.84,11.91,-0.07,-0.5877,440645.73,528075.977
384,002449.SZ,20200602,11.69,12.09,11.65,11.91,11.65,0.26,2.2318,361548.04,429393.17
385,002449.SZ,20200601,11.24,11.75,11.16,11.65,11.14,0.51,4.5781,331404.01,382256.776
386,002449.SZ,20200529,10.77,11.22,10.74,11.14,10.87,0.27,2.4839,268866.17,296823.343
387,002449.SZ,20200528,11.19,11.26,10.65,10.87,11.15,-0.28,-2.5112,297934.94,325183.467
388,002449.SZ,20200527,11.49,11.49,11.08,11.15,11.5,-0.35,-3.0435,266322.64,299028.744
389,002449.SZ,20200526,11.3,11.55,11.25,11.5,11.26,0.24,2.1314,308623.86,352186.871
390,002449.SZ,20200525,11.28,11.47,11.09,11.26,11.22,0.04,0.3565,254832.7,287220.149
391,002449.SZ,20200522,11.75,11.84,11.09,11.22,11.85,-0.63,-5.3165,365720.6,416990.58
392,002449.SZ,20200521,12.16,12.24,11.68,11.85,12.09,-0.24,-1.9851,370066.07,441646.576
393,002449.SZ,20200520,11.8,12.28,11.8,12.09,11.92,0.17,1.4262,805671.82,970737.211
394,002449.SZ,20200519,10.98,11.92,10.88,11.92,10.84,1.08,9.9631,668715.61,781464.378
395,002449.SZ,20200518,11.32,11.43,10.81,10.84,11.28,-0.44,-3.9007,252908.25,279376.501
396,002449.SZ,20200515,11.22,11.46,11.08,11.28,11.12,0.16,1.4388,249455.18,281666.691
397,002449.SZ,20200514,11.1,11.33,11.02,11.12,11.2,-0.08,-0.7143,204349.7,228488.128
398,002449.SZ,20200513,11.29,11.39,11.11,11.2,11.43,-0.23,-2.0122,232086.83,260444.799
399,002449.SZ,20200512,11.3,11.55,11.09,11.43,11.37,0.06,0.5277,346698.32,392875.636
400,002449.SZ,20200511,11.01,11.6,10.98,11.37,10.65,0.72,6.7606,552260.64,624502.757
401,002449.SZ,20200508,10.61,10.75,10.55,10.65,10.5,0.15,1.4286,162125.84,172858.135
402,002449.SZ,20200507,10.68,10.85,10.45,10.5,10.66,-0.16,-1.5009,164234.0,174358.147
403,002449.SZ,20200506,10.26,10.68,10.21,10.66,10.41,0.25,2.4015,224164.05,235265.93
404,002449.SZ,20200430,10.16,10.5,10.12,10.41,10.1,0.31,3.0693,209423.33,217250.04
405,002449.SZ,20200429,9.85,10.15,9.82,10.1,9.84,0.26,2.6423,156020.33,156355.715
406,002449.SZ,20200428,10.02,10.06,9.52,9.84,10.03,-0.19,-1.8943,196322.23,192581.905
407,002449.SZ,20200427,10.23,10.23,9.98,10.03,10.19,-0.16,-1.5702,164980.14,166326.544
408,002449.SZ,20200424,10.51,10.57,10.13,10.19,10.6,-0.41,-3.8679,271873.07,279647.122
409,002449.SZ,20200423,10.96,11.0,10.55,10.6,10.97,-0.37,-3.3728,253818.37,271568.38
410,002449.SZ,20200422,10.65,10.98,10.63,10.97,10.73,0.24,2.2367,229956.53,248415.383
411,002449.SZ,20200421,11.01,11.1,10.57,10.73,11.07,-0.34,-3.0714,270760.74,290782.295
412,002449.SZ,20200420,11.12,11.22,10.96,11.07,11.12,-0.05,-0.4496,217445.35,240687.812
413,002449.SZ,20200417,11.38,11.53,11.08,11.12,11.29,-0.17,-1.5058,257491.44,292134.53
414,002449.SZ,20200416,11.05,11.35,10.94,11.29,11.18,0.11,0.9839,162500.92,181571.438
415,002449.SZ,20200415,11.26,11.45,11.13,11.18,11.23,-0.05,-0.4452,165904.46,187192.547
416,002449.SZ,20200414,11.15,11.24,11.05,11.23,11.07,0.16,1.4453,144558.95,161390.585
417,002449.SZ,20200413,11.28,11.35,10.9,11.07,11.56,-0.49,-4.2388,183207.34,202804.57
418,002449.SZ,20200410,11.99,11.99,11.5,11.56,12.02,-0.46,-3.827,151691.27,177231.387
419,002449.SZ,20200409,11.99,12.13,11.86,12.02,11.9,0.12,1.0084,166346.97,199523.979
420,002449.SZ,20200408,11.8,12.02,11.71,11.9,11.84,0.06,0.5068,157153.94,186937.901
421,002449.SZ,20200407,11.85,12.04,11.75,11.84,11.47,0.37,3.2258,190800.74,226728.285
422,002449.SZ,20200403,11.61,11.69,11.38,11.47,11.69,-0.22,-1.882,146207.67,168582.262
423,002449.SZ,20200402,11.12,11.69,11.03,11.69,11.09,0.6,5.4103,183239.04,208888.15
424,002449.SZ,20200401,11.05,11.44,10.93,11.09,10.96,0.13,1.1861,167022.48,187863.264
425,002449.SZ,20200331,11.09,11.19,10.89,10.96,10.91,0.05,0.4583,94367.37,103858.126
426,002449.SZ,20200330,11.13,11.15,10.7,10.91,11.4,-0.49,-4.2982,157704.83,171988.92
427,002449.SZ,20200327,11.84,11.9,11.36,11.4,11.66,-0.26,-2.2298,148892.82,173182.719
428,002449.SZ,20200326,11.73,11.94,11.62,11.66,11.86,-0.2,-1.6863,120740.7,142080.783
429,002449.SZ,20200325,11.94,12.02,11.77,11.86,11.63,0.23,1.9776,176193.28,209422.053
430,002449.SZ,20200324,11.75,11.85,11.21,11.63,11.48,0.15,1.3066,206291.85,238791.807
431,002449.SZ,20200323,12.0,12.22,11.27,11.48,12.52,-1.04,-8.3067,229454.62,269529.744
432,002449.SZ,20200320,12.66,12.7,12.22,12.52,12.53,-0.01,-0.0798,152926.42,190866.751
433,002449.SZ,20200319,12.08,12.61,12.01,12.53,12.09,0.44,3.6394,223319.27,274847.305
434,002449.SZ,20200318,12.48,12.68,12.04,12.09,12.39,-0.3,-2.4213,194183.37,241324.66
435,002449.SZ,20200317,12.55,12.65,11.85,12.39,12.3,0.09,0.7317,187457.25,230827.645
436,002449.SZ,20200316,13.4,13.4,12.15,12.3,13.31,-1.01,-7.5883,238924.47,305920.579
437,002449.SZ,20200313,12.55,13.45,12.34,13.31,13.21,0.1,0.757,216140.43,278942.031
438,002449.SZ,20200312,13.14,13.59,13.07,13.21,13.36,-0.15,-1.1228,187746.36,249963.184
439,002449.SZ,20200311,13.84,13.96,13.36,13.36,13.82,-0.46,-3.3285,215731.14,294952.276
440,002449.SZ,20200310,13.15,13.85,12.94,13.82,13.15,0.67,5.0951,275223.21,370052.052
441,002449.SZ,20200309,13.92,14.05,13.09,13.15,14.36,-1.21,-8.4262,351262.2,475989.604
442,002449.SZ,20200306,14.5,14.65,14.25,14.36,14.73,-0.37,-2.5119,209515.87,302809.286
443,002449.SZ,20200305,14.77,14.82,14.36,14.73,14.47,0.26,1.7968,388338.76,567903.756
444,002449.SZ,20200304,14.03,14.58,13.95,14.47,14.29,0.18,1.2596,326678.58,467057.574
445,002449.SZ,20200303,14.45,14.83,13.94,14.29,14.2,0.09,0.6338,403091.76,581484.943
446,002449.SZ,20200302,13.81,14.39,13.56,14.2,13.57,0.63,4.6426,349835.8,488842.686
447,002449.SZ,20200228,14.13,14.35,13.5,13.57,15.0,-1.43,-9.5333,559701.23,775031.061
448,002449.SZ,20200227,16.13,16.25,14.6,15.0,16.02,-1.02,-6.367,610437.27,933088.948
449,002449.SZ,20200226,15.4,16.95,15.31,16.02,15.72,0.3,1.9084,779389.67,1271222.138
450,002449.SZ,20200225,15.4,15.99,14.65,15.72,15.92,-0.2,-1.2563,646246.19,996056.504
451,002449.SZ,20200224,15.5,16.1,15.23,15.92,15.7,0.22,1.4013,539234.12,847958.927
452,002449.SZ,20200221,15.65,16.1,15.54,15.7,15.55,0.15,0.9646,511862.8,809199.498
453,002449.SZ,20200220,15.25,15.7,14.77,15.55,15.23,0.32,2.1011,481198.53,735740.671
454,002449.SZ,20200219,15.49,15.64,15.16,15.23,15.71,-0.48,-3.0554,400075.14,615172.945
455,002449.SZ,20200218,14.52,16.05,14.4,15.71,14.67,1.04,7.0893,583974.05,885088.098
456,002449.SZ,20200217,14.73,14.85,14.21,14.67,14.36,0.31,2.1588,489139.32,709887.226
457,002449.SZ,20200214,13.87,14.53,13.72,14.36,13.82,0.54,3.9074,443673.35,630026.071
458,002449.SZ,20200213,13.35,14.05,13.33,13.82,13.33,0.49,3.6759,392800.22,543200.042
459,002449.SZ,20200212,13.04,13.45,12.8,13.33,13.1,0.23,1.7557,308888.79,408885.502
460,002449.SZ,20200211,12.93,13.2,12.84,13.1,13.03,0.07,0.5372,248414.26,324110.799
461,002449.SZ,20200210,13.02,13.19,12.8,13.03,13.09,-0.06,-0.4584,225655.84,293550.841
462,002449.SZ,20200207,12.55,13.23,12.52,13.09,12.71,0.38,2.9898,341547.58,441303.166
463,002449.SZ,20200206,12.24,12.75,12.13,12.71,12.32,0.39,3.1656,335828.44,420743.936
464,002449.SZ,20200205,12.51,13.03,11.99,12.32,12.63,-0.31,-2.4545,451261.35,565695.198
465,002449.SZ,20200204,11.5,12.82,11.5,12.63,12.35,0.28,2.2672,369848.72,456970.601
466,002449.SZ,20200203,12.35,12.35,12.35,12.35,13.72,-1.37,-9.9854,45723.0,56467.905
467,002449.SZ,20200123,14.4,14.74,13.3,13.72,14.59,-0.87,-5.963,322741.48,452105.813
468,002449.SZ,20200122,13.99,14.8,13.83,14.59,14.15,0.44,3.1095,262018.38,376501.429
469,002449.SZ,20200121,14.64,14.82,14.09,14.15,14.73,-0.58,-3.9375,229851.02,330697.801
470,002449.SZ,20200120,14.41,14.88,14.3,14.73,14.6,0.13,0.8904,228032.99,333515.457
471,002449.SZ,20200117,14.43,14.73,14.27,14.6,14.43,0.17,1.1781,269334.74,390901.698
472,002449.SZ,20200116,14.5,14.87,14.38,14.43,14.69,-0.26,-1.7699,306781.53,448805.036
473,002449.SZ,20200115,14.14,14.75,14.07,14.69,14.21,0.48,3.3779,369338.45,532183.47
474,002449.SZ,20200114,14.44,14.45,14.03,14.21,14.3,-0.09,-0.6294,337224.37,479036.984
475,002449.SZ,20200113,13.64,14.31,13.52,14.3,13.57,0.73,5.3795,450096.5,626670.023
476,002449.SZ,20200110,13.84,13.9,13.34,13.57,13.79,-0.22,-1.5954,296521.42,402767.442
477,002449.SZ,20200109,13.99,14.02,13.58,13.79,13.79,0.0,0.0,315114.97,433359.099
478,002449.SZ,20200108,13.55,14.17,13.51,13.79,13.84,-0.05,-0.3613,438061.89,605267.895
479,002449.SZ,20200107,13.95,14.05,13.67,13.84,13.97,-0.13,-0.9306,227697.0,314157.823
480,002449.SZ,20200106,13.4,14.11,13.32,13.97,13.55,0.42,3.0996,387665.44,537150.803
481,002449.SZ,20200103,13.47,13.9,13.43,13.55,13.43,0.12,0.8935,360174.72,490245.13
482,002449.SZ,20200102,12.93,13.56,12.86,13.43,12.79,0.64,5.0039,316707.63,422211.981
483,002449.SZ,20191231,12.96,13.15,12.74,12.79,12.96,-0.17,-1.3117,196815.81,253495.885
484,002449.SZ,20191230,12.87,13.16,12.47,12.96,12.96,0.0,0.0,214325.21,276299.916
485,002449.SZ,20191227,13.4,13.6,12.88,12.96,13.38,-0.42,-3.139,277299.11,366978.352
486,002449.SZ,20191226,13.27,13.65,13.19,13.38,13.31,0.07,0.5259,211380.4,282905.628
487,002449.SZ,20191225,13.0,13.65,12.95,13.31,13.1,0.21,1.6031,333649.72,445908.153
488,002449.SZ,20191224,12.9,13.13,12.75,13.1,12.77,0.33,2.5842,222189.58,288346.349
489,002449.SZ,20191223,13.22,13.25,12.72,12.77,13.54,-0.77,-5.6869,367079.65,477505.104
490,002449.SZ,20191220,13.61,13.8,13.41,13.54,13.6,-0.06,-0.4412,265863.21,361500.088
491,002449.SZ,20191219,13.9,13.94,13.4,13.6,14.01,-0.41,-2.9265,407241.81,555251.245
492,002449.SZ,20191218,14.14,14.51,13.84,14.01,14.01,0.0,0.0,479276.69,675620.371
493,002449.SZ,20191217,14.0,14.73,13.95,14.01,13.99,0.02,0.143,693185.15,990510.105
494,002449.SZ,20191216,13.13,13.99,13.02,13.99,12.91,1.08,8.3656,635759.35,861149.448
495,002449.SZ,20191213,13.05,13.13,12.65,12.91,13.05,-0.14,-1.0728,409137.62,525823.499
496,002449.SZ,20191212,12.77,13.26,12.6,13.05,12.6,0.45,3.5714,589607.85,762312.731
497,002449.SZ,20191211,12.86,13.86,12.52,12.6,12.95,-0.35,-2.7027,611976.34,796668.774
498,002449.SZ,20191210,12.1,13.23,12.05,12.95,12.11,0.84,6.9364,481177.8,604898.192
499,002449.SZ,20191209,12.06,12.26,11.96,12.11,12.12,-0.01,-0.0825,308972.61,373730.903
500,002449.SZ,20191206,11.95,12.18,11.79,12.12,11.96,0.16,1.3378,313710.35,375531.684
501,002449.SZ,20191205,11.77,12.09,11.55,11.96,11.69,0.27,2.3097,412237.55,490111.604
502,002449.SZ,20191204,11.29,12.1,11.1,11.69,11.14,0.55,4.9372,652914.41,760789.049
503,002449.SZ,20191203,10.64,11.18,10.48,11.14,10.61,0.53,4.9953,326514.82,357290.673
504,002449.SZ,20191202,10.39,10.74,10.26,10.61,10.33,0.28,2.7106,178343.94,188657.195
505,002449.SZ,20191129,10.12,10.47,10.1,10.33,10.13,0.2,1.9743,108661.79,112306.101
506,002449.SZ,20191128,10.14,10.22,10.1,10.13,10.17,-0.04,-0.3933,33437.05,33976.949
507,002449.SZ,20191127,9.97,10.24,9.93,10.17,9.97,0.2,2.006,78528.37,79583.358
508,002449.SZ,20191126,10.0,10.08,9.95,9.97,10.0,-0.03,-0.3,41143.3,41152.136
509,002449.SZ,20191125,10.06,10.14,9.93,10.0,10.08,-0.08,-0.7937,54324.62,54246.307
510,002449.SZ,20191122,10.09,10.16,9.98,10.08,10.04,0.04,0.3984,60833.67,61242.607
511,002449.SZ,20191121,10.06,10.1,9.98,10.04,10.1,-0.06,-0.5941,47831.62,47962.708
512,002449.SZ,20191120,10.3,10.33,10.1,10.1,10.33,-0.23,-2.2265,64439.35,65684.249
513,002449.SZ,20191119,10.21,10.34,10.07,10.33,10.25,0.08,0.7805,90193.39,92145.62
514,002449.SZ,20191118,10.27,10.33,10.15,10.25,10.24,0.01,0.0977,63648.12,65160.067
515,002449.SZ,20191115,10.34,10.49,10.2,10.24,10.37,-0.13,-1.2536,53157.13,54982.304
516,002449.SZ,20191114,10.25,10.42,10.1,10.37,10.28,0.09,0.8755,68085.98,69968.943
517,002449.SZ,20191113,10.36,10.43,10.27,10.28,10.38,-0.1,-0.9634,47901.94,49543.969
518,002449.SZ,20191112,10.27,10.46,10.27,10.38,10.26,0.12,1.1696,53873.71,55878.14
519,002449.SZ,20191111,10.54,10.55,10.26,10.26,10.58,-0.32,-3.0246,76730.12,79748.422
520,002449.SZ,20191108,10.69,10.91,10.58,10.58,10.65,-0.07,-0.6573,151609.94,162843.273
521,002449.SZ,20191107,10.42,10.68,10.34,10.65,10.43,0.22,2.1093,120330.95,126936.91
522,002449.SZ,20191106,10.39,10.55,10.38,10.43,10.36,0.07,0.6757,111049.9,116325.062
523,002449.SZ,20191105,10.31,10.38,10.22,10.36,10.29,0.07,0.6803,79972.61,82373.281
524,002449.SZ,20191104,10.17,10.37,10.1,10.29,10.13,0.16,1.5795,83760.53,86009.067
525,002449.SZ,20191101,9.89,10.17,9.89,10.13,9.92,0.21,2.1169,84641.05,85217.49
526,002449.SZ,20191031,10.17,10.2,9.92,9.92,10.17,-0.25,-2.4582,55127.01,55402.744
527,002449.SZ,20191030,10.16,10.22,10.03,10.17,10.17,0.0,0.0,49770.45,50420.867
528,002449.SZ,20191029,10.5,10.5,10.13,10.17,10.5,-0.33,-3.1429,114212.12,117067.533
529,002449.SZ,20191028,10.38,10.58,10.36,10.5,10.45,0.05,0.4785,100670.32,105537.852
530,002449.SZ,20191025,10.35,10.48,10.28,10.45,10.41,0.04,0.3842,80595.82,83784.886
531,002449.SZ,20191024,10.03,10.42,10.01,10.41,10.02,0.39,3.8922,146088.13,149983.812
532,002449.SZ,20191023,10.06,10.17,9.98,10.02,10.06,-0.04,-0.3976,62017.82,62452.691
533,002449.SZ,20191022,9.9,10.07,9.89,10.06,9.92,0.14,1.4113,72439.16,72354.21
534,002449.SZ,20191021,10.01,10.04,9.79,9.92,10.04,-0.12,-1.1952,121001.21,119318.246
535,002449.SZ,20191018,10.4,10.42,10.0,10.04,10.4,-0.36,-3.4615,135250.64,137353.621
536,002449.SZ,20191017,10.37,10.44,10.35,10.4,10.37,0.03,0.2893,62356.95,64802.81
537,002449.SZ,20191016,10.53,10.57,10.35,10.37,10.49,-0.12,-1.1439,91562.66,95590.817
538,002449.SZ,20191015,10.82,10.82,10.45,10.49,10.84,-0.35,-3.2288,192742.97,203330.25
539,002449.SZ,20191014,11.01,11.12,10.78,10.84,10.96,-0.12,-1.0949,265404.01,291085.98
540,002449.SZ,20191011,11.16,11.17,10.85,10.96,11.15,-0.19,-1.704,110613.25,121161.506
541,002449.SZ,20191010,11.07,11.2,11.02,11.15,11.07,0.08,0.7227,62583.03,69604.832
542,002449.SZ,20191009,10.92,11.08,10.67,11.07,11.0,0.07,0.6364,55761.99,60609.125
543,002449.SZ,20191008,11.08,11.18,10.86,11.0,11.13,-0.13,-1.168,57361.42,63459.785
544,002449.SZ,20190930,11.18,11.26,11.02,11.13,11.12,0.01,0.0899,65582.43,73104.604
545,002449.SZ,20190927,10.97,11.2,10.95,11.12,10.94,0.18,1.6453,99170.26,110219.391
546,002449.SZ,20190926,11.44,11.52,10.85,10.94,11.44,-0.5,-4.3706,136528.16,151849.033
547,002449.SZ,20190925,11.89,11.95,11.36,11.44,11.98,-0.54,-4.5075,162861.87,188794.079
548,002449.SZ,20190924,11.95,12.1,11.81,11.98,11.96,0.02,0.1672,126847.19,151614.908
549,002449.SZ,20190923,12.2,12.2,11.8,11.96,12.26,-0.3,-2.447,120735.68,144010.481
550,002449.SZ,20190920,12.19,12.33,12.12,12.26,12.33,-0.07,-0.5677,158496.11,193690.381
551,002449.SZ,20190919,12.09,12.44,12.05,12.33,12.0,0.33,2.75,251280.54,308525.004
552,002449.SZ,20190918,11.92,12.13,11.78,12.0,11.92,0.08,0.6711,114040.42,136149.283
553,002449.SZ,20190917,12.12,12.3,11.75,11.92,12.16,-0.24,-1.9737,160372.4,192316.93
554,002449.SZ,20190916,12.06,12.22,11.96,12.16,12.02,0.14,1.1647,143824.23,174333.165
555,002449.SZ,20190912,12.05,12.12,11.81,12.02,11.99,0.03,0.2502,127430.77,152486.365
556,002449.SZ,20190911,11.96,12.24,11.85,11.99,11.9,0.09,0.7563,178693.6,214841.037
557,002449.SZ,20190910,12.0,12.14,11.77,11.9,12.12,-0.22,-1.8152,179193.43,213691.097
558,002449.SZ,20190909,11.55,12.18,11.48,12.12,11.44,0.68,5.9441,259980.46,308309.878
559,002449.SZ,20190906,11.42,11.59,11.27,11.44,11.33,0.11,0.9709,110025.83,125786.945
560,002449.SZ,20190905,11.32,11.54,11.31,11.33,11.25,0.08,0.7111,160318.09,183210.815
561,002449.SZ,20190904,11.17,11.35,11.13,11.25,11.21,0.04,0.3568,110347.72,124019.088
562,002449.SZ,20190903,10.94,11.25,10.92,11.21,10.97,0.24,2.1878,139734.31,155583.568
563,002449.SZ,20190902,10.58,10.99,10.58,10.97,10.64,0.33,3.1015,98688.16,106972.465
564,002449.SZ,20190830,10.9,11.06,10.56,10.64,10.81,-0.17,-1.5726,96970.71,104639.174
565,002449.SZ,20190829,11.02,11.06,10.75,10.81,11.01,-0.2,-1.8165,102422.5,111406.542
566,002449.SZ,20190828,11.06,11.15,10.99,11.01,11.06,-0.05,-0.4521,55796.0,61647.884
567,002449.SZ,20190827,10.9,11.21,10.88,11.06,10.85,0.21,1.9355,80372.5,88898.893
568,002449.SZ,20190826,10.75,10.88,10.68,10.85,11.0,-0.15,-1.3636,83008.74,89554.533
569,002449.SZ,20190823,11.26,11.29,11.0,11.0,11.27,-0.27,-2.3957,104443.57,115963.719
570,002449.SZ,20190822,11.38,11.4,11.17,11.27,11.45,-0.18,-1.5721,123501.65,139212.088
571,002449.SZ,20190821,11.37,11.48,11.15,11.45,11.33,0.12,1.0591,123115.73,139243.73
572,002449.SZ,20190820,11.44,11.57,11.3,11.33,11.36,-0.03,-0.2641,120727.25,137807.676
573,002449.SZ,20190819,11.1,11.45,11.07,11.36,11.0,0.36,3.2727,161946.2,183036.378
574,002449.SZ,20190816,10.95,11.22,10.94,11.0,11.07,-0.07,-0.6323,118572.9,131306.436
575,002449.SZ,20190815,10.7,11.1,10.45,11.07,11.45,-0.38,-3.3188,211592.87,228276.251
576,002449.SZ,20190814,11.33,11.51,11.28,11.45,11.16,0.29,2.5986,111360.74,126723.894
577,002449.SZ,20190813,11.01,11.32,10.92,11.16,11.08,0.08,0.722,86103.39,95978.906
578,002449.SZ,20190812,10.62,11.08,10.56,11.08,10.59,0.49,4.627,89830.14,97982.2
579,002449.SZ,20190809,10.69,10.89,10.55,10.59,10.74,-0.15,-1.3966,68396.52,73219.808
580,002449.SZ,20190808,10.68,10.79,10.68,10.74,10.66,0.08,0.7505,55765.93,59868.351
581,002449.SZ,20190807,10.81,10.88,10.65,10.66,10.83,-0.17,-1.5697,96981.46,104443.494
582,002449.SZ,20190806,10.75,10.93,10.37,10.83,10.97,-0.14,-1.2762,140704.6,149779.437
583,002449.SZ,20190805,11.2,11.31,10.94,10.97,11.22,-0.25,-2.2282,115320.5,128171.449
584,002449.SZ,20190802,11.36,11.36,10.89,11.22,11.67,-0.45,-3.856,116621.28,130893.99
585,002449.SZ,20190801,11.74,11.86,11.62,11.67,11.8,-0.13,-1.1017,96534.18,112955.428
586,002449.SZ,20190731,12.01,12.13,11.72,11.8,11.91,-0.11,-0.9236,134685.8,160441.247
587,002449.SZ,20190730,11.55,12.13,11.53,11.91,11.58,0.33,2.8497,250360.76,298642.766
588,002449.SZ,20190729,12.14,12.3,11.42,11.58,12.16,-0.58,-4.7697,296553.94,350479.741
589,002449.SZ,20190726,12.38,12.43,12.16,12.16,12.45,-0.29,-2.3293,150503.7,184557.81
590,002449.SZ,20190725,12.24,12.56,12.16,12.45,12.34,0.11,0.8914,204895.05,253540.9
591,002449.SZ,20190724,12.48,12.56,12.21,12.34,12.41,-0.07,-0.5641,225605.45,279682.948
592,002449.SZ,20190723,12.15,12.44,12.09,12.41,12.13,0.28,2.3083,62823.99,77377.834
593,002449.SZ,20190722,12.45,12.5,12.03,12.13,12.42,-0.29,-2.3349,63956.84,77696.303
594,002449.SZ,20190719,12.41,12.52,12.33,12.42,12.38,0.04,0.3231,48363.92,60155.347
595,002449.SZ,20190718,12.62,12.63,12.36,12.38,12.75,-0.37,-2.902,85824.9,106788.688
596,002449.SZ,20190717,12.48,12.95,12.29,12.75,12.42,0.33,2.657,155445.95,195941.208
597,002449.SZ,20190716,12.7,12.72,12.33,12.42,12.8,-0.38,-2.9688,119764.62,149338.562
598,002449.SZ,20190715,12.65,12.84,12.32,12.8,12.71,0.09,0.7081,79007.97,99474.098
599,002449.SZ,20190712,12.79,12.83,12.56,12.71,12.86,-0.15,-1.1664,48029.97,60956.152
600,002449.SZ,20190711,12.8,12.94,12.65,12.86,12.7,0.16,1.2598,47917.42,61439.03
601,002449.SZ,20190710,12.88,12.92,12.61,12.7,12.81,-0.11,-0.8587,38653.43,49365.528
602,002449.SZ,20190709,12.95,13.02,12.72,12.81,12.95,-0.14,-1.0811,46846.09,60071.83
603,002449.SZ,20190708,13.39,13.39,12.78,12.95,13.4,-0.45,-3.3582,57093.35,74420.552
604,002449.SZ,20190705,13.44,13.66,13.39,13.4,13.43,-0.03,-0.2234,52972.72,71397.194
605,002449.SZ,20190704,13.57,13.68,13.4,13.43,13.55,-0.12,-0.8856,48501.9,65464.908
606,002449.SZ,20190703,13.8,13.88,13.49,13.55,13.88,-0.33,-2.3775,63414.71,86249.385
607,002449.SZ,20190702,13.8,13.93,13.65,13.88,13.84,0.04,0.289,83285.14,114898.001
608,002449.SZ,20190701,13.62,13.94,13.44,13.84,13.28,0.56,4.2169,101907.18,139698.249
609,002449.SZ,20190628,13.28,13.39,13.1,13.28,13.33,-0.05,-0.3751,55092.2,72788.618
610,002449.SZ,20190627,12.87,13.39,12.87,13.33,12.87,0.46,3.5742,107705.13,142759.968
611,002449.SZ,20190626,12.79,13.08,12.73,12.87,12.9,-0.03,-0.2326,47531.17,61413.894
612,002449.SZ,20190625,12.91,12.93,12.58,12.9,12.92,-0.02,-0.1548,62652.49,79857.738
613,002449.SZ,20190624,12.88,13.05,12.74,12.92,12.89,0.03,0.2327,67101.6,86601.332
614,002449.SZ,20190621,12.57,12.95,12.57,12.89,12.51,0.38,3.0376,90361.18,115944.396
615,002449.SZ,20190620,12.26,12.65,12.06,12.51,12.35,0.16,1.2955,96289.49,119563.798
616,002449.SZ,20190619,12.64,12.69,12.27,12.35,12.25,0.1,0.8163,88440.87,110277.647
617,002449.SZ,20190618,12.29,12.31,12.03,12.25,12.23,0.02,0.1635,66042.21,80319.096
618,002449.SZ,20190617,12.35,12.54,12.1,12.23,12.5,-0.27,-2.16,85364.65,104424.866
619,002449.SZ,20190614,13.1,13.13,12.48,12.5,13.09,-0.59,-4.5073,95770.72,121499.693
620,002449.SZ,20190613,13.11,13.22,12.94,13.09,13.17,-0.08,-0.6074,38271.09,50006.878
621,002449.SZ,20190612,13.2,13.43,13.06,13.17,13.24,-0.07,-0.5287,45778.58,60501.087
622,002449.SZ,20190611,12.81,13.34,12.69,13.24,12.81,0.43,3.3568,55436.09,72846.718
623,002449.SZ,20190610,12.65,12.91,12.55,12.81,12.61,0.2,1.586,41227.84,52618.065
624,002449.SZ,20190606,13.03,13.06,12.56,12.61,13.04,-0.43,-3.2975,51335.51,65421.595
625,002449.SZ,20190605,12.81,13.21,12.81,13.04,12.7,0.34,2.6772,63411.69,82722.328
626,002449.SZ,20190604,13.06,13.12,12.6,12.7,13.1,-0.4,-3.0534,65618.8,83920.431
627,002449.SZ,20190603,13.02,13.2,12.88,13.1,13.02,0.08,0.6144,46995.67,61380.69
628,002449.SZ,20190531,13.13,13.25,12.96,13.02,13.05,-0.03,-0.2299,46107.77,60405.732
629,002449.SZ,20190530,13.21,13.28,12.88,13.05,13.35,-0.3,-2.2472,52879.9,68914.775
630,002449.SZ,20190529,13.21,13.49,13.06,13.35,13.28,0.07,0.5271,58576.85,77951.793
631,002449.SZ,20190528,13.4,13.53,13.2,13.28,13.36,-0.08,-0.5988,65845.95,87626.374
632,002449.SZ,20190527,12.5,13.42,12.5,13.36,12.47,0.89,7.1371,104096.07,136956.424
633,002449.SZ,20190524,12.83,12.94,12.46,12.47,12.83,-0.36,-2.8059,69055.29,87381.851
634,002449.SZ,20190523,13.12,13.22,12.8,12.83,13.18,-0.35,-2.6555,43641.79,56657.636
635,002449.SZ,20190522,13.22,13.48,13.09,13.18,13.28,-0.1,-0.753,49589.68,65729.813
636,002449.SZ,20190521,12.73,13.42,12.54,13.28,12.72,0.56,4.4025,90793.59,118602.602
637,002449.SZ,20190520,13.04,13.19,12.28,12.72,13.0,-0.28,-2.1538,109740.41,139017.515
638,002449.SZ,20190517,13.45,13.62,12.91,13.0,13.42,-0.42,-3.1297,85556.07,113095.035
639,002449.SZ,20190516,13.85,13.89,13.13,13.42,13.95,-0.53,-3.7993,146675.33,197594.734
640,002449.SZ,20190515,13.98,14.06,13.51,13.95,13.77,0.18,1.3072,80649.13,111035.339
641,002449.SZ,20190514,14.03,14.34,13.98,14.07,14.25,-0.18,-1.2632,47398.12,67281.825
642,002449.SZ,20190513,14.18,14.48,14.01,14.25,14.3,-0.05,-0.3497,56289.85,80010.875
643,002449.SZ,20190510,13.85,14.39,13.4,14.3,13.68,0.62,4.5322,81675.9,114934.276
644,002449.SZ,20190509,13.44,13.9,13.44,13.68,13.52,0.16,1.1834,62788.35,86021.036
645,002449.SZ,20190508,13.45,13.88,13.35,13.52,13.74,-0.22,-1.6012,73210.38,99924.23
646,002449.SZ,20190507,13.05,13.78,12.95,13.74,13.0,0.74,5.6923,114954.39,155177.729
647,002449.SZ,20190506,13.9,13.9,12.98,13.0,14.42,-1.42,-9.8474,141837.1,188193.29
648,002449.SZ,20190430,14.58,14.74,14.3,14.42,14.5,-0.08,-0.5517,63146.88,91801.9
649,002449.SZ,20190429,14.81,14.96,14.19,14.5,14.77,-0.27,-1.828,91426.36,133695.172
650,002449.SZ,20190426,15.01,15.39,14.76,14.77,15.05,-0.28,-1.8605,87520.21,131111.064
651,002449.SZ,20190425,15.3,15.74,15.05,15.05,15.48,-0.43,-2.7778,106430.01,164711.766
652,002449.SZ,20190424,15.6,15.74,15.09,15.48,15.74,-0.26,-1.6518,81617.85,125264.334
653,002449.SZ,20190423,15.47,15.85,15.33,15.74,15.4,0.34,2.2078,101255.93,158557.456
654,002449.SZ,20190422,15.38,15.85,15.22,15.4,15.3,0.1,0.6536,66807.07,103770.443
655,002449.SZ,20190419,15.34,15.44,15.02,15.3,15.38,-0.08,-0.5202,66638.31,101373.568
656,002449.SZ,20190418,15.3,15.53,15.22,15.38,15.23,0.15,0.9849,72223.19,110986.066
657,002449.SZ,20190417,15.5,15.63,14.99,15.23,15.53,-0.3,-1.9317,125711.08,192520.169
658,002449.SZ,20190416,14.65,15.59,14.65,15.53,15.43,0.1,0.6481,107791.73,163035.616
659,002449.SZ,20190415,15.65,16.14,15.4,15.43,15.44,-0.01,-0.0648,106869.33,168607.553
660,002449.SZ,20190412,15.39,15.65,15.28,15.44,15.4,0.04,0.2597,61461.37,94849.781
661,002449.SZ,20190411,15.85,15.95,15.37,15.4,15.99,-0.59,-3.6898,91467.93,143086.264
662,002449.SZ,20190410,15.05,16.16,15.03,15.99,15.01,0.98,6.529,162449.76,255166.784
663,002449.SZ,20190409,15.26,15.29,14.86,15.01,15.47,-0.46,-2.9735,98586.97,148554.39
664,002449.SZ,20190408,15.6,15.65,14.88,15.47,15.66,-0.19,-1.2133,188547.83,286751.997
665,002449.SZ,20190404,15.42,15.84,15.11,15.66,15.29,0.37,2.4199,170308.59,262662.088
666,002449.SZ,20190403,14.68,15.29,14.64,15.29,14.8,0.49,3.3108,124885.98,187460.529
667,002449.SZ,20190402,14.82,15.16,14.63,14.8,14.91,-0.11,-0.7378,145262.14,216322.424
668,002449.SZ,20190401,14.58,15.07,14.39,14.91,14.36,0.55,3.8301,210356.26,310572.937
669,002449.SZ,20190329,14.17,14.65,14.0,14.36,14.21,0.15,1.0556,271336.24,389240.642
670,002449.SZ,20190328,13.49,14.59,13.49,14.21,13.26,0.95,7.1644,413240.49,588164.144
671,002449.SZ,20190327,13.09,13.58,12.71,13.26,13.01,0.25,1.9216,157352.32,208175.212
672,002449.SZ,20190326,13.57,13.84,12.93,13.01,13.56,-0.55,-4.056,136571.97,183107.22
673,002449.SZ,20190325,13.61,13.95,13.51,13.56,13.87,-0.31,-2.235,148743.51,203896.473
674,002449.SZ,20190322,13.25,13.87,13.2,13.87,13.28,0.59,4.4428,251891.48,342634.438
675,002449.SZ,20190321,13.03,13.32,12.86,13.28,13.02,0.26,1.9969,135886.05,177975.994
676,002449.SZ,20190320,13.01,13.05,12.68,13.02,13.12,-0.1,-0.7622,88109.03,113805.241
677,002449.SZ,20190319,13.04,13.22,12.86,13.12,13.0,0.12,0.9231,112813.11,147104.79
678,002449.SZ,20190318,12.65,13.06,12.55,13.0,12.62,0.38,3.0111,98704.75,127265.904
679,002449.SZ,20190315,12.71,12.88,12.48,12.62,12.64,-0.02,-0.1582,91303.24,115776.916
680,002449.SZ,20190314,12.96,12.98,12.43,12.64,12.99,-0.35,-2.6944,127087.07,160583.053
681,002449.SZ,20190313,13.49,13.5,12.8,12.99,13.56,-0.57,-4.2035,148534.63,195972.057
682,002449.SZ,20190312,13.69,13.92,13.33,13.56,13.7,-0.14,-1.0219,252742.44,344161.806
683,002449.SZ,20190311,13.15,13.74,13.04,13.7,12.96,0.74,5.7099,229760.63,308266.149
684,002449.SZ,20190308,12.92,13.9,12.68,12.96,13.29,-0.33,-2.4831,308148.67,412563.243
685,002449.SZ,20190307,12.92,13.49,12.91,13.29,13.1,0.19,1.4504,215425.42,283540.827
686,002449.SZ,20190306,13.3,13.41,12.91,13.1,13.23,-0.13,-0.9826,193093.48,252331.695
687,002449.SZ,20190305,12.76,13.29,12.71,13.23,13.06,0.17,1.3017,208350.21,270997.009
688,002449.SZ,20190304,12.41,13.1,12.41,13.06,12.41,0.65,5.2377,258940.63,331366.394
689,002449.SZ,20190301,12.47,12.53,12.16,12.41,12.44,-0.03,-0.2412,129531.41,159225.678
690,002449.SZ,20190228,12.42,12.64,12.28,12.44,12.48,-0.04,-0.3205,127151.87,158632.939
691,002449.SZ,20190227,12.85,12.96,12.21,12.48,12.73,-0.25,-1.9639,241775.69,303962.823
692,002449.SZ,20190226,13.28,13.28,12.55,12.73,13.36,-0.63,-4.7156,242210.78,312498.337
693,002449.SZ,20190225,13.1,13.8,13.0,13.36,12.97,0.39,3.0069,296464.32,395121.846
694,002449.SZ,20190222,12.71,13.3,12.71,12.97,12.49,0.48,3.8431,187476.81,243202.69
695,002449.SZ,20190221,12.48,13.04,12.31,12.49,12.64,-0.15,-1.1867,177209.12,224024.563
696,002449.SZ,20190220,12.59,12.73,12.15,12.64,12.53,0.11,0.8779,151690.62,188111.315
697,002449.SZ,20190219,12.21,13.29,12.21,12.53,12.08,0.45,3.7252,310330.61,397773.978
698,002449.SZ,20190218,11.25,12.15,11.15,12.08,11.05,1.03,9.3213,173433.87,201550.504
699,002449.SZ,20190215,11.18,11.48,11.03,11.05,11.18,-0.13,-1.1628,91028.58,101592.576
700,002449.SZ,20190214,11.11,11.25,11.0,11.18,11.17,0.01,0.0895,105883.14,118009.696
701,002449.SZ,20190213,10.68,11.25,10.67,11.17,10.7,0.47,4.3925,181562.89,200148.461
702,002449.SZ,20190212,10.41,10.84,10.36,10.7,10.45,0.25,2.3923,108679.99,115465.442
703,002449.SZ,20190211,10.01,10.49,9.96,10.45,10.02,0.43,4.2914,136437.63,138791.081
704,002449.SZ,20190201,10.15,10.15,9.72,10.02,10.16,-0.14,-1.378,165911.98,164500.291
705,002449.SZ,20190131,10.3,10.3,10.14,10.16,10.21,-0.05,-0.4897,61897.13,63179.323
706,002449.SZ,20190130,10.21,10.38,10.18,10.21,10.28,-0.07,-0.6809,28976.97,29740.182
707,002449.SZ,20190129,10.4,10.4,10.1,10.28,10.38,-0.1,-0.9634,38343.74,39375.561
708,002449.SZ,20190128,10.69,10.72,10.35,10.38,10.63,-0.25,-2.3518,63715.1,67032.071
709,002449.SZ,20190125,10.66,10.73,10.6,10.63,10.66,-0.03,-0.2814,49552.37,52841.579
710,002449.SZ,20190124,10.66,10.78,10.56,10.66,10.64,0.02,0.188,59928.55,64049.305
711,002449.SZ,20190123,10.66,10.74,10.58,10.64,10.67,-0.03,-0.2812,46668.33,49729.46
712,002449.SZ,20190122,10.9,10.9,10.67,10.67,10.92,-0.25,-2.2894,33826.8,36478.105
713,002449.SZ,20190121,10.6,11.03,10.55,10.92,10.63,0.29,2.7281,69836.91,75765.565
714,002449.SZ,20190118,10.75,10.79,10.41,10.63,10.74,-0.11,-1.0242,59639.32,63196.67
715,002449.SZ,20190117,10.83,10.85,10.7,10.74,10.83,-0.09,-0.831,43154.22,46462.298
716,002449.SZ,20190116,10.73,10.93,10.7,10.83,10.73,0.1,0.932,70900.89,76944.88
717,002449.SZ,20190115,10.7,10.81,10.61,10.73,10.7,0.03,0.2804,50679.4,54280.724
718,002449.SZ,20190114,10.73,10.81,10.62,10.7,10.7,0.0,0.0,30742.84,32832.269
719,002449.SZ,20190111,10.73,10.76,10.62,10.7,10.7,0.0,0.0,37932.68,40517.706
720,002449.SZ,20190110,10.67,10.84,10.6,10.7,10.54,0.16,1.518,51045.99,54610.883
721,002449.SZ,20190109,10.64,10.74,10.53,10.54,10.61,-0.07,-0.6598,37457.83,39910.195
722,002449.SZ,20190108,10.57,10.76,10.52,10.61,10.6,0.01,0.0943,36784.63,39087.749
723,002449.SZ,20190107,10.4,10.65,10.39,10.6,10.36,0.24,2.3166,47567.47,50021.199
724,002449.SZ,20190104,10.03,10.43,10.02,10.36,10.14,0.22,2.1696,36250.38,37250.164
725,002449.SZ,20190103,10.34,10.45,10.09,10.14,10.4,-0.26,-2.5,33362.84,34170.826
726,002449.SZ,20190102,10.39,10.47,10.23,10.4,10.38,0.02,0.1927,34362.03,35575.854
