,ts_code,trade_date,open,high,low,close,pre_close,change,pct_chg,vol,amount
0,002619.SZ,20211228,1.49,1.55,1.48,1.52,1.49,0.03,2.0134,247981.7,37529.851
1,002619.SZ,20211227,1.47,1.51,1.46,1.49,1.52,-0.03,-1.9737,237619.15,35334.939
2,002619.SZ,20211224,1.51,1.53,1.48,1.52,1.52,0.0,0.0,282376.54,42470.339
3,002619.SZ,20211223,1.56,1.57,1.5,1.52,1.57,-0.05,-3.1847,388690.76,59758.991
4,002619.SZ,20211222,1.59,1.61,1.56,1.57,1.59,-0.02,-1.2579,306645.11,48425.7
5,002619.SZ,20211221,1.55,1.61,1.55,1.59,1.56,0.03,1.9231,250487.8,39679.862
6,002619.SZ,20211220,1.57,1.58,1.55,1.56,1.58,-0.02,-1.2658,237351.04,37067.873
7,002619.SZ,20211217,1.6,1.61,1.57,1.58,1.61,-0.03,-1.8634,280270.6,44512.18
8,002619.SZ,20211216,1.6,1.65,1.59,1.61,1.61,0.0,0.0,297779.79,48189.885
9,002619.SZ,20211215,1.62,1.64,1.58,1.61,1.63,-0.02,-1.227,392695.15,63249.097
10,002619.SZ,20211214,1.54,1.63,1.53,1.63,1.55,0.08,5.1613,487922.55,77696.229
11,002619.SZ,20211213,1.6,1.61,1.54,1.55,1.62,-0.07,-4.321,451468.5,70818.613
12,002619.SZ,20211210,1.6,1.64,1.58,1.62,1.61,0.01,0.6211,300405.6,48571.937
13,002619.SZ,20211209,1.59,1.64,1.57,1.61,1.62,-0.01,-0.6173,418629.03,67276.599
14,002619.SZ,20211208,1.7,1.7,1.62,1.62,1.7,-0.08,-4.7059,716393.8,117960.041
15,002619.SZ,20211207,1.66,1.7,1.62,1.7,1.62,0.08,4.9383,841144.47,139789.91
16,002619.SZ,20211206,1.56,1.62,1.56,1.62,1.54,0.08,5.1948,427965.7,68929.554
17,002619.SZ,20211203,1.55,1.56,1.51,1.54,1.55,-0.01,-0.6452,390431.93,59856.797
18,002619.SZ,20211202,1.53,1.59,1.51,1.55,1.54,0.01,0.6494,479147.49,74704.484
19,002619.SZ,20211201,1.52,1.56,1.49,1.54,1.53,0.01,0.6536,527187.03,80440.721
20,002619.SZ,20211130,1.46,1.53,1.46,1.53,1.46,0.07,4.7945,560094.25,84756.325
21,002619.SZ,20211129,1.47,1.49,1.45,1.46,1.49,-0.03,-2.0134,288511.8,42243.994
22,002619.SZ,20211126,1.47,1.51,1.46,1.49,1.49,0.0,0.0,361185.36,53659.958
23,002619.SZ,20211125,1.52,1.52,1.48,1.49,1.53,-0.04,-2.6144,404910.2,60742.709
24,002619.SZ,20211124,1.56,1.58,1.51,1.53,1.58,-0.05,-3.1646,560642.06,86033.056
25,002619.SZ,20211123,1.58,1.63,1.56,1.58,1.57,0.01,0.6369,411445.95,65476.968
26,002619.SZ,20211122,1.57,1.6,1.57,1.57,1.65,-0.08,-4.8485,625980.8,98611.157
27,002619.SZ,20211119,1.69,1.72,1.63,1.65,1.66,-0.01,-0.6024,621561.42,103705.565
28,002619.SZ,20211118,1.66,1.66,1.63,1.66,1.58,0.08,5.0633,218487.13,36228.917
29,002619.SZ,20211117,1.54,1.61,1.53,1.58,1.54,0.04,2.5974,418556.42,66058.404
30,002619.SZ,20211116,1.54,1.56,1.52,1.54,1.54,0.0,0.0,277160.5,42818.608
31,002619.SZ,20211115,1.58,1.59,1.53,1.54,1.59,-0.05,-3.1447,344941.34,53585.507
32,002619.SZ,20211112,1.57,1.61,1.55,1.59,1.58,0.01,0.6329,323465.17,51146.788
33,002619.SZ,20211111,1.59,1.62,1.56,1.58,1.61,-0.03,-1.8634,413688.49,65838.736
34,002619.SZ,20211110,1.63,1.66,1.59,1.61,1.64,-0.03,-1.8293,377231.86,61245.974
35,002619.SZ,20211109,1.62,1.69,1.6,1.64,1.63,0.01,0.6135,436981.27,72100.527
36,002619.SZ,20211108,1.55,1.65,1.53,1.63,1.57,0.06,3.8217,498779.7,79256.892
37,002619.SZ,20211105,1.54,1.59,1.53,1.57,1.52,0.05,3.2895,408725.43,63725.312
38,002619.SZ,20211104,1.54,1.56,1.51,1.52,1.56,-0.04,-2.5641,473992.3,72539.893
39,002619.SZ,20211103,1.5,1.59,1.46,1.56,1.51,0.05,3.3113,638195.81,98055.953
40,002619.SZ,20211102,1.56,1.6,1.5,1.51,1.58,-0.07,-4.4304,604957.48,92988.781
41,002619.SZ,20211101,1.64,1.65,1.58,1.58,1.65,-0.07,-4.2424,430897.16,69024.915
42,002619.SZ,20211029,1.63,1.68,1.61,1.65,1.65,0.0,0.0,392921.69,64199.451
43,002619.SZ,20211028,1.73,1.76,1.65,1.65,1.74,-0.09,-5.1724,556329.88,93828.281
44,002619.SZ,20211027,1.72,1.81,1.7,1.74,1.74,0.0,0.0,376156.65,65801.355
45,002619.SZ,20211026,1.74,1.77,1.73,1.74,1.79,-0.05,-2.7933,421486.84,73468.382
46,002619.SZ,20211025,1.8,1.82,1.76,1.79,1.83,-0.04,-2.1858,460195.29,82372.874
47,002619.SZ,20211022,1.83,1.83,1.79,1.83,1.74,0.09,5.1724,876309.55,159675.774
48,002619.SZ,20211021,1.72,1.76,1.72,1.74,1.74,0.0,0.0,245546.87,42721.911
49,002619.SZ,20211020,1.77,1.79,1.73,1.74,1.82,-0.08,-4.3956,547777.49,96165.001
50,002619.SZ,20211019,1.73,1.83,1.71,1.82,1.74,0.08,4.5977,816529.26,146837.563
51,002619.SZ,20211018,1.76,1.78,1.73,1.74,1.78,-0.04,-2.2472,312031.88,54544.774
52,002619.SZ,20211015,1.75,1.79,1.73,1.78,1.79,-0.01,-0.5587,347947.67,61367.119
53,002619.SZ,20211014,1.78,1.82,1.72,1.79,1.8,-0.01,-0.5556,509410.69,89731.638
54,002619.SZ,20211013,1.89,1.89,1.78,1.8,1.8,0.0,0.0,348699.26,64605.294
55,002619.SZ,20211012,1.78,1.8,1.78,1.8,1.71,0.09,5.2632,131496.14,23583.858
56,002619.SZ,20211011,1.73,1.78,1.7,1.71,1.79,-0.08,-4.4693,524737.7,90981.861
57,002619.SZ,20211008,1.79,1.84,1.72,1.79,1.8,-0.01,-0.5556,352522.12,62939.085
58,002619.SZ,20210930,1.81,1.84,1.73,1.8,1.81,-0.01,-0.5525,523967.47,93093.296
59,002619.SZ,20210929,1.79,1.88,1.75,1.81,1.8,0.01,0.5556,519337.29,94518.103
60,002619.SZ,20210928,1.81,1.87,1.8,1.8,1.89,-0.09,-4.7619,689170.79,124909.551
61,002619.SZ,20210927,1.95,1.96,1.89,1.89,1.99,-0.1,-5.0251,468270.67,88945.278
62,002619.SZ,20210924,2.04,2.14,1.97,1.99,2.07,-0.08,-3.8647,785673.54,160631.792
63,002619.SZ,20210923,2.11,2.13,2.01,2.07,2.03,0.04,1.9704,992827.54,207354.155
64,002619.SZ,20210922,1.96,2.03,1.9,2.03,1.93,0.1,5.1813,291384.1,57673.897
65,002619.SZ,20210917,1.99,2.0,1.91,1.93,2.0,-0.07,-3.5,709973.5,137805.73
66,002619.SZ,20210916,2.05,2.07,1.9,2.0,1.97,0.03,1.5228,1489638.4,297301.26
67,002619.SZ,20210915,1.97,1.97,1.97,1.97,1.88,0.09,4.7872,39894.2,7859.157
68,002619.SZ,20210914,1.84,1.88,1.83,1.88,1.79,0.09,5.0279,316865.6,59168.24
69,002619.SZ,20210913,1.78,1.79,1.72,1.79,1.7,0.09,5.2941,426304.64,75946.633
70,002619.SZ,20210910,1.67,1.74,1.63,1.7,1.7,0.0,0.0,874640.89,146191.025
71,002619.SZ,20210909,1.62,1.7,1.62,1.7,1.62,0.08,4.9383,1020220.19,171080.531
72,002619.SZ,20210908,1.68,1.74,1.62,1.62,1.7,-0.08,-4.7059,1070677.04,176509.437
73,002619.SZ,20210907,1.81,1.83,1.66,1.7,1.74,-0.04,-2.2989,1522813.18,267202.81
74,002619.SZ,20210906,1.69,1.74,1.67,1.74,1.66,0.08,4.8193,442800.86,76434.308
75,002619.SZ,20210903,1.57,1.66,1.54,1.66,1.58,0.08,5.0633,1127483.23,183677.347
76,002619.SZ,20210902,1.58,1.58,1.47,1.58,1.5,0.08,5.3333,1155038.77,178774.058
77,002619.SZ,20210901,1.49,1.5,1.47,1.5,1.43,0.07,4.8951,269278.2,40276.544
78,002619.SZ,20210831,1.5,1.52,1.41,1.43,1.45,-0.02,-1.3793,1224120.0,180947.819
79,002619.SZ,20210830,1.45,1.45,1.39,1.45,1.38,0.07,5.0725,315303.6,45444.559
80,002619.SZ,20210827,1.32,1.38,1.32,1.38,1.31,0.07,5.3435,384586.73,52474.663
81,002619.SZ,20210826,1.3,1.32,1.29,1.31,1.3,0.01,0.7692,307969.6,40325.934
82,002619.SZ,20210825,1.29,1.32,1.29,1.3,1.3,0.0,0.0,324462.2,42270.592
83,002619.SZ,20210824,1.34,1.34,1.29,1.3,1.35,-0.05,-3.7037,544142.33,71249.696
84,002619.SZ,20210823,1.34,1.37,1.33,1.35,1.34,0.01,0.7463,343480.93,46330.921
85,002619.SZ,20210820,1.34,1.36,1.32,1.34,1.34,0.0,0.0,401327.73,53689.634
86,002619.SZ,20210819,1.31,1.36,1.3,1.34,1.31,0.03,2.2901,496532.83,66301.946
87,002619.SZ,20210818,1.29,1.33,1.28,1.31,1.3,0.01,0.7692,373751.94,48627.156
88,002619.SZ,20210817,1.32,1.33,1.29,1.3,1.33,-0.03,-2.2556,381932.94,49972.021
89,002619.SZ,20210816,1.28,1.34,1.28,1.33,1.29,0.04,3.1008,486847.08,64111.139
90,002619.SZ,20210813,1.3,1.3,1.27,1.29,1.3,-0.01,-0.7692,290892.5,37419.311
91,002619.SZ,20210812,1.28,1.3,1.27,1.3,1.28,0.02,1.5625,301677.01,38922.465
92,002619.SZ,20210811,1.3,1.31,1.28,1.28,1.3,-0.02,-1.5385,292285.0,37730.725
93,002619.SZ,20210810,1.3,1.32,1.29,1.3,1.31,-0.01,-0.7634,307176.11,39988.962
94,002619.SZ,20210809,1.27,1.32,1.26,1.31,1.28,0.03,2.3438,438488.55,56522.992
95,002619.SZ,20210806,1.27,1.29,1.26,1.28,1.27,0.01,0.7874,285973.55,36500.548
96,002619.SZ,20210805,1.29,1.31,1.27,1.27,1.3,-0.03,-2.3077,333608.0,42865.746
97,002619.SZ,20210804,1.32,1.33,1.28,1.3,1.33,-0.03,-2.2556,394693.75,51421.237
98,002619.SZ,20210803,1.33,1.36,1.32,1.33,1.33,0.0,0.0,312090.64,41838.459
99,002619.SZ,20210802,1.33,1.35,1.31,1.33,1.34,-0.01,-0.7463,352694.64,46902.217
100,002619.SZ,20210730,1.29,1.34,1.27,1.34,1.3,0.04,3.0769,460239.8,60126.61
101,002619.SZ,20210729,1.27,1.32,1.27,1.3,1.28,0.02,1.5625,359059.9,46569.815
102,002619.SZ,20210728,1.34,1.35,1.28,1.28,1.35,-0.07,-5.1852,596488.55,77160.688
103,002619.SZ,20210727,1.36,1.37,1.33,1.35,1.37,-0.02,-1.4599,423889.95,57149.199
104,002619.SZ,20210726,1.34,1.38,1.32,1.37,1.34,0.03,2.2388,528420.8,71470.702
105,002619.SZ,20210723,1.38,1.39,1.33,1.34,1.39,-0.05,-3.5971,620105.6,83635.215
106,002619.SZ,20210722,1.38,1.43,1.38,1.39,1.39,0.0,0.0,511670.34,71606.472
107,002619.SZ,20210721,1.4,1.44,1.38,1.39,1.43,-0.04,-2.7972,629817.0,88569.604
108,002619.SZ,20210720,1.37,1.46,1.33,1.43,1.4,0.03,2.1429,1056775.59,144368.339
109,002619.SZ,20210719,1.46,1.47,1.4,1.4,1.47,-0.07,-4.7619,699069.8,98991.786
110,002619.SZ,20210716,1.48,1.53,1.45,1.47,1.5,-0.03,-2.0,580882.19,86253.376
111,002619.SZ,20210715,1.46,1.53,1.44,1.5,1.52,-0.02,-1.3158,858325.85,125668.777
112,002619.SZ,20210714,1.6,1.62,1.52,1.52,1.6,-0.08,-5.0,1355424.8,210017.154
113,002619.SZ,20210713,1.6,1.6,1.6,1.6,1.52,0.08,5.2632,48662.4,7785.984
114,002619.SZ,20210712,1.52,1.52,1.52,1.52,1.45,0.07,4.8276,61364.4,9327.388
115,002619.SZ,20210709,1.41,1.45,1.39,1.45,1.38,0.07,5.0725,479982.55,68953.842
116,002619.SZ,20210708,1.34,1.4,1.32,1.38,1.35,0.03,2.2222,662020.04,90276.792
117,002619.SZ,20210707,1.33,1.38,1.32,1.35,1.35,0.0,0.0,487560.45,65892.711
118,002619.SZ,20210706,1.34,1.36,1.32,1.35,1.34,0.01,0.7463,435774.0,58157.181
119,002619.SZ,20210705,1.28,1.34,1.27,1.34,1.28,0.06,4.6875,468187.05,61921.591
120,002619.SZ,20210702,1.27,1.3,1.25,1.28,1.27,0.01,0.7874,266312.91,34098.185
121,002619.SZ,20210701,1.31,1.31,1.26,1.27,1.31,-0.04,-3.0534,362402.0,46761.502
122,002619.SZ,20210630,1.34,1.35,1.3,1.31,1.34,-0.03,-2.2388,369652.0,48799.431
123,002619.SZ,20210629,1.31,1.35,1.3,1.34,1.32,0.02,1.5152,402188.8,53549.723
124,002619.SZ,20210628,1.39,1.4,1.32,1.32,1.39,-0.07,-5.036,651140.7,87620.902
125,002619.SZ,20210625,1.38,1.43,1.35,1.39,1.38,0.01,0.7246,603304.4,83695.81
126,002619.SZ,20210624,1.34,1.39,1.32,1.38,1.34,0.04,2.9851,586212.6,80062.0
127,002619.SZ,20210623,1.31,1.38,1.3,1.34,1.33,0.01,0.7519,664435.36,88745.038
128,002619.SZ,20210622,1.29,1.33,1.28,1.33,1.27,0.06,4.7244,711918.34,93754.832
129,002619.SZ,20210621,1.24,1.28,1.23,1.27,1.25,0.02,1.6,398914.74,50080.992
130,002619.SZ,20210618,1.26,1.28,1.23,1.25,1.26,-0.01,-0.7937,412790.44,51791.98
131,002619.SZ,20210617,1.28,1.29,1.25,1.26,1.31,-0.05,-3.8168,540531.33,68554.304
132,002619.SZ,20210616,1.24,1.31,1.23,1.31,1.25,0.06,4.8,726103.96,93664.898
133,002619.SZ,20210615,1.3,1.31,1.24,1.25,1.31,-0.06,-4.5802,645268.5,81579.414
134,002619.SZ,20210611,1.33,1.36,1.29,1.31,1.33,-0.02,-1.5038,555648.26,73818.45
135,002619.SZ,20210610,1.39,1.41,1.3,1.33,1.37,-0.04,-2.9197,866685.0,117853.135
136,002619.SZ,20210609,1.3,1.37,1.29,1.37,1.3,0.07,5.3846,553797.0,74369.494
137,002619.SZ,20210608,1.29,1.33,1.27,1.3,1.3,0.0,0.0,568332.55,73922.995
138,002619.SZ,20210607,1.23,1.31,1.23,1.3,1.25,0.05,4.0,670263.14,85552.048
139,002619.SZ,20210604,1.28,1.32,1.24,1.25,1.26,-0.01,-0.7937,770540.06,98444.201
140,002619.SZ,20210603,1.21,1.26,1.2,1.26,1.2,0.06,5.0,517876.27,64134.095
141,002619.SZ,20210602,1.2,1.23,1.19,1.2,1.21,-0.01,-0.8264,445294.4,53683.58
142,002619.SZ,20210601,1.23,1.24,1.19,1.21,1.24,-0.03,-2.4194,580542.25,70344.371
143,002619.SZ,20210531,1.19,1.26,1.18,1.24,1.2,0.04,3.3333,826541.99,102021.739
144,002619.SZ,20210528,1.14,1.2,1.14,1.2,1.14,0.06,5.2632,689007.0,81631.404
145,002619.SZ,20210527,1.14,1.16,1.13,1.14,1.14,0.0,0.0,400901.0,45967.274
146,002619.SZ,20210526,1.1,1.15,1.1,1.14,1.11,0.03,2.7027,451986.55,51229.721
147,002619.SZ,20210525,1.1,1.12,1.09,1.11,1.11,0.0,0.0,370198.24,40835.994
148,002619.SZ,20210524,1.09,1.13,1.07,1.11,1.1,0.01,0.9091,414364.85,45695.631
149,002619.SZ,20210521,1.09,1.11,1.06,1.1,1.11,-0.01,-0.9009,399451.85,43416.731
150,002619.SZ,20210520,1.16,1.17,1.11,1.11,1.17,-0.06,-5.1282,607720.12,68234.319
151,002619.SZ,20210519,1.16,1.2,1.14,1.17,1.18,-0.01,-0.8475,481154.9,56284.117
152,002619.SZ,20210518,1.18,1.22,1.18,1.18,1.24,-0.06,-4.8387,574264.8,68101.107
153,002619.SZ,20210517,1.29,1.29,1.24,1.24,1.31,-0.07,-5.3435,62343.0,7767.319
154,002619.SZ,20210514,1.31,1.35,1.29,1.31,1.32,-0.01,-0.7576,546372.0,71698.039
155,002619.SZ,20210513,1.26,1.33,1.25,1.32,1.28,0.04,3.125,759891.98,99136.25
156,002619.SZ,20210512,1.28,1.32,1.24,1.28,1.28,0.0,0.0,777284.72,99325.597
157,002619.SZ,20210511,1.21,1.28,1.2,1.28,1.22,0.06,4.918,947544.17,118051.68
158,002619.SZ,20210510,1.22,1.25,1.21,1.22,1.27,-0.05,-3.937,1120436.18,136734.929
159,002619.SZ,20210507,1.18,1.29,1.18,1.27,1.24,0.03,2.4194,1592385.87,193215.115
160,002619.SZ,20210506,1.24,1.24,1.24,1.24,1.3,-0.06,-4.6154,18870.0,2339.88
161,002619.SZ,20210430,1.3,1.3,1.3,1.3,1.37,-0.07,-5.1095,27574.0,3584.62
162,002619.SZ,20210428,1.37,1.37,1.37,1.37,1.52,-0.15,-9.8684,279947.0,38352.739
163,002619.SZ,20210427,1.58,1.58,1.5,1.52,1.59,-0.07,-4.4025,630103.4,96080.363
164,002619.SZ,20210426,1.63,1.63,1.58,1.59,1.63,-0.04,-2.454,361231.8,57691.937
165,002619.SZ,20210423,1.66,1.66,1.6,1.63,1.66,-0.03,-1.8072,486352.6,78656.119
166,002619.SZ,20210422,1.71,1.73,1.66,1.66,1.7,-0.04,-2.3529,481491.2,80896.109
167,002619.SZ,20210421,1.72,1.75,1.69,1.7,1.72,-0.02,-1.1628,499387.8,85678.541
168,002619.SZ,20210420,1.77,1.79,1.71,1.72,1.78,-0.06,-3.3708,601924.85,105040.767
169,002619.SZ,20210419,1.8,1.84,1.76,1.78,1.81,-0.03,-1.6575,595080.68,106298.025
170,002619.SZ,20210416,1.71,1.82,1.7,1.81,1.73,0.08,4.6243,649567.92,115493.616
171,002619.SZ,20210415,1.8,1.82,1.72,1.73,1.84,-0.11,-5.9783,820469.93,144228.137
172,002619.SZ,20210414,1.88,1.89,1.81,1.84,1.9,-0.06,-3.1579,724648.37,133803.384
173,002619.SZ,20210413,1.9,2.03,1.83,1.9,1.92,-0.02,-1.0417,986436.6,189796.45
174,002619.SZ,20210412,1.84,2.06,1.84,1.92,1.88,0.04,2.1277,1164672.4,226102.409
175,002619.SZ,20210409,1.85,1.97,1.75,1.88,1.94,-0.06,-3.0928,1296618.38,240238.963
176,002619.SZ,20210408,1.8,2.01,1.8,1.94,1.83,0.11,6.0109,1416109.76,278338.797
177,002619.SZ,20210407,1.9,1.99,1.81,1.83,1.85,-0.02,-1.0811,1672529.86,313948.672
178,002619.SZ,20210406,1.68,1.85,1.67,1.85,1.68,0.17,10.119,1003007.21,181054.773
179,002619.SZ,20210402,1.69,1.73,1.65,1.68,1.7,-0.02,-1.1765,485970.6,81863.128
180,002619.SZ,20210401,1.62,1.71,1.61,1.7,1.62,0.08,4.9383,708532.6,117625.479
181,002619.SZ,20210331,1.57,1.63,1.56,1.62,1.59,0.03,1.8868,337407.17,53981.489
182,002619.SZ,20210330,1.64,1.64,1.58,1.59,1.64,-0.05,-3.0488,343804.2,54993.088
183,002619.SZ,20210329,1.63,1.68,1.63,1.64,1.65,-0.01,-0.6061,396636.8,65662.711
184,002619.SZ,20210326,1.61,1.66,1.59,1.65,1.63,0.02,1.227,404021.96,65680.172
185,002619.SZ,20210325,1.6,1.66,1.58,1.63,1.61,0.02,1.2422,414018.81,67231.203
186,002619.SZ,20210324,1.57,1.64,1.56,1.61,1.59,0.02,1.2579,319907.0,51046.892
187,002619.SZ,20210323,1.63,1.63,1.56,1.59,1.64,-0.05,-3.0488,448695.82,71392.683
188,002619.SZ,20210322,1.66,1.67,1.6,1.64,1.65,-0.01,-0.6061,398843.74,65023.782
189,002619.SZ,20210319,1.69,1.73,1.63,1.65,1.74,-0.09,-5.1724,651714.05,109137.915
190,002619.SZ,20210318,1.72,1.76,1.66,1.74,1.69,0.05,2.9586,743184.5,126930.583
191,002619.SZ,20210317,1.71,1.78,1.68,1.69,1.68,0.01,0.5952,625610.2,106938.833
192,002619.SZ,20210316,1.6,1.73,1.59,1.68,1.61,0.07,4.3478,714165.05,118996.49
193,002619.SZ,20210315,1.54,1.63,1.51,1.61,1.55,0.06,3.871,527700.6,83607.3
194,002619.SZ,20210312,1.56,1.59,1.54,1.55,1.58,-0.03,-1.8987,278263.4,43479.066
195,002619.SZ,20210311,1.53,1.59,1.49,1.58,1.53,0.05,3.268,374904.1,58200.229
196,002619.SZ,20210310,1.64,1.64,1.52,1.53,1.6,-0.07,-4.375,324979.0,50650.171
197,002619.SZ,20210309,1.6,1.65,1.5,1.6,1.6,0.0,0.0,504686.52,79885.65
198,002619.SZ,20210308,1.66,1.69,1.59,1.6,1.65,-0.05,-3.0303,516387.2,84776.37
199,002619.SZ,20210305,1.63,1.67,1.61,1.65,1.63,0.02,1.227,542473.5,89145.113
200,002619.SZ,20210304,1.56,1.67,1.54,1.63,1.56,0.07,4.4872,774323.32,125124.765
201,002619.SZ,20210303,1.52,1.59,1.52,1.56,1.53,0.03,1.9608,412544.0,63858.835
202,002619.SZ,20210302,1.55,1.56,1.52,1.53,1.56,-0.03,-1.9231,345543.26,53044.504
203,002619.SZ,20210301,1.52,1.57,1.51,1.56,1.51,0.05,3.3113,419850.52,64695.79
204,002619.SZ,20210226,1.51,1.55,1.48,1.51,1.53,-0.02,-1.3072,362718.45,55137.224
205,002619.SZ,20210225,1.55,1.57,1.5,1.53,1.55,-0.02,-1.2903,404281.82,61635.678
206,002619.SZ,20210224,1.51,1.62,1.5,1.55,1.5,0.05,3.3333,556412.91,86395.607
207,002619.SZ,20210223,1.53,1.58,1.48,1.5,1.54,-0.04,-2.5974,435381.45,66087.822
208,002619.SZ,20210222,1.51,1.62,1.51,1.54,1.51,0.03,1.9868,754640.25,117637.917
209,002619.SZ,20210219,1.4,1.53,1.39,1.51,1.4,0.11,7.8571,686211.38,100962.251
210,002619.SZ,20210218,1.33,1.43,1.32,1.4,1.31,0.09,6.8702,573858.44,79499.625
211,002619.SZ,20210210,1.3,1.35,1.29,1.31,1.31,0.0,0.0,276003.21,36404.143
212,002619.SZ,20210209,1.28,1.33,1.27,1.31,1.3,0.01,0.7692,386079.0,50152.17
213,002619.SZ,20210208,1.36,1.36,1.27,1.3,1.37,-0.07,-5.1095,509387.43,66122.449
214,002619.SZ,20210205,1.38,1.44,1.33,1.37,1.38,-0.01,-0.7246,600089.94,82717.26
215,002619.SZ,20210204,1.52,1.52,1.38,1.38,1.53,-0.15,-9.8039,946180.66,133506.525
216,002619.SZ,20210203,1.51,1.6,1.5,1.53,1.52,0.01,0.6579,510760.4,78961.214
217,002619.SZ,20210202,1.5,1.58,1.5,1.52,1.62,-0.1,-6.1728,890848.84,136397.823
218,002619.SZ,20210201,1.62,1.69,1.62,1.62,1.8,-0.18,-10.0,757267.6,123135.858
219,002619.SZ,20210129,1.93,1.95,1.74,1.8,1.93,-0.13,-6.7358,1603984.7,296117.079
220,002619.SZ,20210128,1.93,1.93,1.93,1.93,1.75,0.18,10.2857,456007.02,88009.354
221,002619.SZ,20210127,1.59,1.75,1.57,1.75,1.59,0.16,10.0629,1198604.88,204431.089
222,002619.SZ,20210126,1.57,1.61,1.56,1.59,1.58,0.01,0.6329,272139.98,43350.5
223,002619.SZ,20210125,1.66,1.68,1.58,1.58,1.68,-0.1,-5.9524,542778.25,87596.142
224,002619.SZ,20210122,1.74,1.76,1.68,1.68,1.77,-0.09,-5.0847,994892.44,169735.128
225,002619.SZ,20210121,1.67,1.85,1.66,1.77,1.68,0.09,5.3571,1527169.76,276097.422
226,002619.SZ,20210120,1.67,1.72,1.64,1.68,1.68,0.0,0.0,573619.68,95990.695
227,002619.SZ,20210119,1.62,1.71,1.6,1.68,1.63,0.05,3.0675,620045.18,102935.306
228,002619.SZ,20210118,1.62,1.69,1.61,1.63,1.63,0.0,0.0,526773.51,86692.697
229,002619.SZ,20210115,1.57,1.67,1.56,1.63,1.59,0.04,2.5157,491555.27,79676.381
230,002619.SZ,20210114,1.56,1.64,1.54,1.59,1.56,0.03,1.9231,370257.92,59061.653
231,002619.SZ,20210113,1.64,1.64,1.56,1.56,1.65,-0.09,-5.4545,547848.95,86652.169
232,002619.SZ,20210112,1.66,1.73,1.62,1.65,1.77,-0.12,-6.7797,1134659.78,189002.641
233,002619.SZ,20210111,1.57,1.77,1.52,1.77,1.61,0.16,9.9379,1106258.64,185520.599
234,002619.SZ,20210108,1.63,1.69,1.56,1.61,1.55,0.06,3.871,506621.5,81841.98
235,002619.SZ,20210107,1.6,1.66,1.5,1.55,1.62,-0.07,-4.321,704349.62,110212.111
236,002619.SZ,20210106,1.64,1.69,1.61,1.62,1.62,0.0,0.0,423936.86,69534.202
237,002619.SZ,20210105,1.74,1.75,1.58,1.62,1.76,-0.14,-7.9545,818297.94,134464.832
238,002619.SZ,20210104,1.81,1.81,1.73,1.76,1.8,-0.04,-2.2222,356057.22,62671.651
239,002619.SZ,20201231,1.81,1.82,1.78,1.8,1.81,-0.01,-0.5525,260644.7,46901.617
240,002619.SZ,20201230,1.82,1.83,1.79,1.81,1.82,-0.01,-0.5495,258557.2,46750.042
241,002619.SZ,20201229,1.78,1.83,1.76,1.82,1.77,0.05,2.8249,306438.97,55408.801
242,002619.SZ,20201228,1.79,1.8,1.74,1.77,1.8,-0.03,-1.6667,223144.37,39450.646
243,002619.SZ,20201225,1.76,1.82,1.76,1.8,1.79,0.01,0.5587,184542.09,33180.651
244,002619.SZ,20201224,1.85,1.86,1.79,1.79,1.88,-0.09,-4.7872,346113.6,62982.175
245,002619.SZ,20201223,1.83,1.98,1.82,1.88,1.8,0.08,4.4444,486873.15,91188.395
246,002619.SZ,20201222,1.84,1.86,1.79,1.8,1.84,-0.04,-2.1739,235854.17,42987.477
247,002619.SZ,20201221,1.84,1.88,1.83,1.84,1.85,-0.01,-0.5405,221054.47,41000.647
248,002619.SZ,20201218,1.85,1.88,1.84,1.85,1.86,-0.01,-0.5376,298667.24,55439.895
249,002619.SZ,20201217,1.76,1.88,1.73,1.86,1.78,0.08,4.4944,545986.35,98933.248
250,002619.SZ,20201216,1.82,1.84,1.73,1.78,1.82,-0.04,-2.1978,559169.9,99530.748
251,002619.SZ,20201215,1.87,1.87,1.8,1.82,1.89,-0.07,-3.7037,476033.67,86773.468
252,002619.SZ,20201214,1.9,1.91,1.87,1.89,1.92,-0.03,-1.5625,274840.21,51939.481
253,002619.SZ,20201211,1.98,1.98,1.89,1.92,1.99,-0.07,-3.5176,395202.7,76148.665
254,002619.SZ,20201210,1.95,2.02,1.94,1.99,1.96,0.03,1.5306,323966.47,64621.57
255,002619.SZ,20201209,1.95,1.99,1.94,1.96,1.99,-0.03,-1.5075,359919.18,70628.986
256,002619.SZ,20201208,1.96,2.03,1.88,1.99,1.98,0.01,0.5051,649343.1,127044.268
257,002619.SZ,20201207,1.99,2.1,1.98,1.98,2.2,-0.22,-10.0,926245.31,186983.298
258,002619.SZ,20201127,2.18,2.2,2.16,2.2,2.19,0.01,0.4566,152641.25,33215.626
259,002619.SZ,20201126,2.2,2.22,2.17,2.19,2.22,-0.03,-1.3514,213503.67,46755.061
260,002619.SZ,20201125,2.25,2.28,2.21,2.22,2.25,-0.03,-1.3333,225213.4,50536.892
261,002619.SZ,20201124,2.25,2.27,2.24,2.25,2.25,0.0,0.0,188573.77,42531.844
262,002619.SZ,20201123,2.24,2.27,2.22,2.25,2.25,0.0,0.0,260236.26,58385.832
263,002619.SZ,20201120,2.28,2.29,2.23,2.25,2.29,-0.04,-1.7467,253530.1,57020.483
264,002619.SZ,20201119,2.28,2.32,2.27,2.29,2.29,0.0,0.0,227285.67,51977.588
265,002619.SZ,20201118,2.32,2.34,2.26,2.29,2.34,-0.05,-2.1368,287120.31,66021.417
266,002619.SZ,20201117,2.32,2.38,2.29,2.34,2.32,0.02,0.8621,311648.8,72716.802
267,002619.SZ,20201116,2.28,2.34,2.27,2.32,2.27,0.05,2.2026,298958.9,69012.918
268,002619.SZ,20201113,2.27,2.3,2.23,2.27,2.26,0.01,0.4425,209997.2,47508.952
269,002619.SZ,20201112,2.26,2.29,2.25,2.26,2.26,0.0,0.0,165757.8,37605.705
270,002619.SZ,20201111,2.29,2.3,2.24,2.26,2.28,-0.02,-0.8772,215311.67,48833.236
271,002619.SZ,20201110,2.34,2.35,2.27,2.28,2.32,-0.04,-1.7241,172490.54,39613.354
272,002619.SZ,20201109,2.24,2.33,2.24,2.32,2.24,0.08,3.5714,220068.97,50646.731
273,002619.SZ,20201106,2.29,2.3,2.24,2.24,2.28,-0.04,-1.7544,135783.2,30674.9
274,002619.SZ,20201105,2.24,2.29,2.24,2.28,2.23,0.05,2.2422,169114.94,38364.765
275,002619.SZ,20201104,2.24,2.26,2.2,2.23,2.24,-0.01,-0.4464,138062.8,30778.381
276,002619.SZ,20201103,2.16,2.25,2.15,2.24,2.16,0.08,3.7037,214517.29,47617.589
277,002619.SZ,20201102,2.17,2.2,2.12,2.16,2.17,-0.01,-0.4608,204343.4,44083.401
278,002619.SZ,20201030,2.27,2.27,2.16,2.17,2.27,-0.1,-4.4053,248457.6,55011.622
279,002619.SZ,20201029,2.28,2.3,2.26,2.27,2.32,-0.05,-2.1552,153798.44,35026.109
280,002619.SZ,20201028,2.34,2.34,2.28,2.32,2.33,-0.01,-0.4292,119417.85,27495.938
281,002619.SZ,20201027,2.32,2.35,2.3,2.33,2.33,0.0,0.0,93905.34,21799.09
282,002619.SZ,20201026,2.33,2.34,2.3,2.33,2.35,-0.02,-0.8511,130683.71,30337.353
283,002619.SZ,20201023,2.37,2.4,2.33,2.35,2.38,-0.03,-1.2605,151080.2,35591.441
284,002619.SZ,20201022,2.37,2.39,2.33,2.38,2.38,0.0,0.0,143079.71,33775.377
285,002619.SZ,20201021,2.4,2.41,2.36,2.38,2.42,-0.04,-1.6529,143632.0,34140.396
286,002619.SZ,20201020,2.39,2.42,2.38,2.42,2.41,0.01,0.4149,131846.65,31662.349
287,002619.SZ,20201019,2.38,2.45,2.37,2.41,2.38,0.03,1.2605,200252.04,48339.16
288,002619.SZ,20201016,2.4,2.4,2.36,2.38,2.4,-0.02,-0.8333,183799.59,43564.216
289,002619.SZ,20201015,2.4,2.42,2.34,2.4,2.46,-0.06,-2.439,328111.39,78300.847
290,002619.SZ,20201014,2.53,2.53,2.44,2.46,2.53,-0.07,-2.7668,343099.19,84758.659
291,002619.SZ,20201013,2.56,2.56,2.51,2.53,2.56,-0.03,-1.1719,261379.59,66080.344
292,002619.SZ,20201012,2.49,2.57,2.47,2.56,2.48,0.08,3.2258,381159.69,96803.636
293,002619.SZ,20201009,2.43,2.48,2.41,2.48,2.39,0.09,3.7657,246446.75,60427.089
294,002619.SZ,20200930,2.45,2.46,2.38,2.39,2.44,-0.05,-2.0492,222893.0,53784.053
295,002619.SZ,20200929,2.45,2.48,2.43,2.44,2.44,0.0,0.0,188160.64,46088.798
296,002619.SZ,20200928,2.51,2.52,2.42,2.44,2.52,-0.08,-3.1746,261350.95,64196.104
297,002619.SZ,20200925,2.53,2.55,2.47,2.52,2.53,-0.01,-0.3953,250921.0,62908.257
298,002619.SZ,20200924,2.65,2.66,2.53,2.53,2.69,-0.16,-5.948,539878.8,139381.931
299,002619.SZ,20200923,2.68,2.71,2.65,2.69,2.67,0.02,0.7491,362120.54,96825.32
300,002619.SZ,20200922,2.72,2.75,2.64,2.67,2.75,-0.08,-2.9091,668552.0,179878.714
301,002619.SZ,20200921,2.81,2.92,2.73,2.75,2.82,-0.07,-2.4823,747625.84,209273.792
302,002619.SZ,20200918,2.88,2.91,2.78,2.82,2.85,-0.03,-1.0526,528493.47,149063.736
303,002619.SZ,20200917,2.94,2.97,2.82,2.85,2.89,-0.04,-1.3841,732841.0,210903.12
304,002619.SZ,20200916,2.84,3.0,2.81,2.89,2.87,0.02,0.6969,1494079.25,435669.067
305,002619.SZ,20200915,2.64,2.87,2.62,2.87,2.61,0.26,9.9617,1440662.58,407844.581
306,002619.SZ,20200914,2.68,2.7,2.58,2.61,2.67,-0.06,-2.2472,644566.49,169568.77
307,002619.SZ,20200911,2.65,2.73,2.61,2.67,2.67,0.0,0.0,641508.06,171284.238
308,002619.SZ,20200910,2.91,2.96,2.65,2.67,2.88,-0.21,-7.2917,1179259.8,329806.458
309,002619.SZ,20200909,2.91,3.15,2.86,2.88,2.98,-0.1,-3.3557,1381228.4,416734.226
310,002619.SZ,20200908,2.8,3.04,2.72,2.98,2.81,0.17,6.0498,1459230.63,423808.286
311,002619.SZ,20200907,2.7,2.85,2.68,2.81,2.71,0.1,3.69,891590.07,249182.387
312,002619.SZ,20200904,2.6,2.85,2.58,2.71,2.64,0.07,2.6515,670914.81,181674.759
313,002619.SZ,20200903,2.63,2.71,2.61,2.64,2.63,0.01,0.3802,611125.82,163207.455
314,002619.SZ,20200902,2.53,2.66,2.52,2.63,2.53,0.1,3.9526,554354.7,143924.468
315,002619.SZ,20200901,2.55,2.55,2.5,2.53,2.54,-0.01,-0.3937,191198.85,48152.334
316,002619.SZ,20200831,2.56,2.6,2.54,2.54,2.56,-0.02,-0.7813,239226.18,61540.929
317,002619.SZ,20200828,2.51,2.56,2.49,2.56,2.52,0.04,1.5873,229392.78,57925.906
318,002619.SZ,20200827,2.49,2.55,2.48,2.52,2.5,0.02,0.8,275734.8,69443.919
319,002619.SZ,20200826,2.6,2.61,2.48,2.5,2.59,-0.09,-3.4749,342919.5,86988.692
320,002619.SZ,20200825,2.62,2.64,2.57,2.59,2.62,-0.03,-1.145,294810.6,76605.757
321,002619.SZ,20200824,2.58,2.67,2.54,2.62,2.58,0.04,1.5504,382340.8,99915.919
322,002619.SZ,20200821,2.56,2.61,2.55,2.58,2.55,0.03,1.1765,330596.89,85357.467
323,002619.SZ,20200820,2.61,2.61,2.53,2.55,2.61,-0.06,-2.2989,407888.02,104612.43
324,002619.SZ,20200819,2.71,2.71,2.59,2.61,2.73,-0.12,-4.3956,579587.15,153836.232
325,002619.SZ,20200818,2.64,2.73,2.6,2.73,2.64,0.09,3.4091,711257.34,189707.198
326,002619.SZ,20200817,2.63,2.65,2.57,2.64,2.62,0.02,0.7634,508754.27,132861.075
327,002619.SZ,20200814,2.64,2.67,2.56,2.62,2.65,-0.03,-1.1321,472556.27,123338.882
328,002619.SZ,20200813,2.66,2.73,2.61,2.65,2.66,-0.01,-0.3759,664888.74,176496.581
329,002619.SZ,20200812,2.56,2.76,2.55,2.66,2.54,0.12,4.7244,985012.29,260418.621
330,002619.SZ,20200811,2.65,2.68,2.53,2.54,2.68,-0.14,-5.2239,958863.99,249045.149
331,002619.SZ,20200810,2.46,2.68,2.42,2.68,2.44,0.24,9.8361,1104633.85,287787.795
332,002619.SZ,20200807,2.48,2.5,2.4,2.44,2.5,-0.06,-2.4,300315.39,73378.062
333,002619.SZ,20200806,2.53,2.53,2.46,2.5,2.53,-0.03,-1.1858,295586.13,73546.226
334,002619.SZ,20200805,2.48,2.55,2.45,2.53,2.5,0.03,1.2,318249.8,79836.9
335,002619.SZ,20200804,2.52,2.54,2.47,2.5,2.53,-0.03,-1.1858,318271.16,79760.677
336,002619.SZ,20200803,2.43,2.53,2.42,2.53,2.43,0.1,4.1152,406266.43,101076.656
337,002619.SZ,20200731,2.39,2.46,2.38,2.43,2.4,0.03,1.25,272247.21,65962.391
338,002619.SZ,20200730,2.42,2.44,2.38,2.4,2.43,-0.03,-1.2346,207556.7,50086.319
339,002619.SZ,20200729,2.36,2.44,2.33,2.43,2.37,0.06,2.5316,245628.77,58765.522
340,002619.SZ,20200728,2.35,2.4,2.34,2.37,2.34,0.03,1.2821,202493.78,47949.56
341,002619.SZ,20200727,2.35,2.37,2.31,2.34,2.34,0.0,0.0,184463.6,43100.441
342,002619.SZ,20200724,2.44,2.47,2.33,2.34,2.46,-0.12,-4.878,322793.4,77275.496
343,002619.SZ,20200723,2.5,2.5,2.4,2.46,2.52,-0.06,-2.381,347166.85,84615.152
344,002619.SZ,20200722,2.52,2.57,2.5,2.52,2.54,-0.02,-0.7874,254350.64,64501.024
345,002619.SZ,20200721,2.55,2.58,2.51,2.54,2.57,-0.03,-1.1673,231715.43,58852.947
346,002619.SZ,20200720,2.49,2.57,2.47,2.57,2.47,0.1,4.0486,367329.94,92665.958
347,002619.SZ,20200717,2.47,2.49,2.41,2.47,2.46,0.01,0.4065,295630.05,72500.896
348,002619.SZ,20200716,2.6,2.63,2.43,2.46,2.61,-0.15,-5.7471,509865.22,129759.253
349,002619.SZ,20200715,2.74,2.79,2.6,2.61,2.76,-0.15,-5.4348,686966.88,183194.277
350,002619.SZ,20200714,2.85,2.88,2.69,2.76,2.85,-0.09,-3.1579,714596.74,198973.319
351,002619.SZ,20200713,2.75,2.86,2.74,2.85,2.77,0.08,2.8881,655590.71,184225.52
352,002619.SZ,20200710,2.86,2.87,2.76,2.77,2.88,-0.11,-3.8194,720314.76,202168.34
353,002619.SZ,20200709,2.71,2.89,2.71,2.88,2.74,0.14,5.1095,964802.04,271769.292
354,002619.SZ,20200708,2.65,2.79,2.63,2.74,2.67,0.07,2.6217,794567.59,214763.959
355,002619.SZ,20200707,2.68,2.81,2.59,2.67,2.64,0.03,1.1364,949663.8,256030.926
356,002619.SZ,20200706,2.56,2.65,2.52,2.64,2.54,0.1,3.937,750510.72,195492.401
357,002619.SZ,20200703,2.56,2.6,2.53,2.54,2.57,-0.03,-1.1673,487598.9,124072.92
358,002619.SZ,20200702,2.49,2.61,2.48,2.57,2.53,0.04,1.581,781149.97,199101.462
359,002619.SZ,20200701,2.46,2.6,2.43,2.53,2.48,0.05,2.0161,695088.67,175251.945
360,002619.SZ,20200630,2.48,2.52,2.41,2.48,2.48,0.0,0.0,524044.23,128797.068
361,002619.SZ,20200629,2.53,2.62,2.45,2.48,2.57,-0.09,-3.5019,735976.17,185526.73
362,002619.SZ,20200624,2.41,2.68,2.39,2.57,2.44,0.13,5.3279,1190074.98,303106.174
363,002619.SZ,20200623,2.36,2.55,2.33,2.44,2.37,0.07,2.9536,790490.26,193131.525
364,002619.SZ,20200622,2.35,2.38,2.32,2.37,2.35,0.02,0.8511,319978.54,74966.856
365,002619.SZ,20200619,2.36,2.4,2.32,2.35,2.36,-0.01,-0.4237,333297.75,78516.408
366,002619.SZ,20200618,2.39,2.44,2.33,2.36,2.4,-0.04,-1.6667,400646.6,95284.156
367,002619.SZ,20200617,2.43,2.45,2.34,2.4,2.45,-0.05,-2.0408,505539.95,120616.132
368,002619.SZ,20200616,2.49,2.52,2.38,2.45,2.47,-0.02,-0.8097,771568.59,186731.555
369,002619.SZ,20200615,2.43,2.61,2.4,2.47,2.51,-0.04,-1.5936,1114748.78,278372.798
370,002619.SZ,20200612,2.4,2.52,2.38,2.51,2.46,0.05,2.0325,1639382.63,403010.054
371,002619.SZ,20200611,2.27,2.46,2.27,2.46,2.24,0.22,9.8214,1152820.42,281650.089
372,002619.SZ,20200610,2.31,2.37,2.24,2.24,2.37,-0.13,-5.4852,647183.2,146734.754
373,002619.SZ,20200609,2.26,2.48,2.23,2.37,2.25,0.12,5.3333,939441.96,224318.168
374,002619.SZ,20200608,2.32,2.34,2.24,2.25,2.27,-0.02,-0.8811,215386.99,48909.13
375,002619.SZ,20200605,2.26,2.3,2.23,2.27,2.25,0.02,0.8889,247833.79,56149.876
376,002619.SZ,20200604,2.28,2.29,2.23,2.25,2.26,-0.01,-0.4425,215727.5,48618.609
377,002619.SZ,20200603,2.24,2.32,2.23,2.26,2.22,0.04,1.8018,398076.14,90457.768
378,002619.SZ,20200602,2.22,2.26,2.2,2.22,2.22,0.0,0.0,265082.1,59156.398
379,002619.SZ,20200601,2.14,2.22,2.13,2.22,2.13,0.09,4.2254,376292.22,82154.365
380,002619.SZ,20200529,2.06,2.16,2.04,2.13,2.07,0.06,2.8986,297827.35,63100.406
381,002619.SZ,20200528,2.09,2.1,2.04,2.07,2.1,-0.03,-1.4286,184704.68,38161.876
382,002619.SZ,20200527,2.12,2.12,2.05,2.1,2.13,-0.03,-1.4085,280603.7,58561.013
383,002619.SZ,20200526,2.1,2.14,2.1,2.13,2.1,0.03,1.4286,240192.19,50705.476
384,002619.SZ,20200525,2.12,2.13,2.1,2.1,2.12,-0.02,-0.9434,117559.88,24834.948
385,002619.SZ,20200522,2.11,2.14,2.09,2.12,2.13,-0.01,-0.4695,138017.88,29129.868
386,002619.SZ,20200521,2.14,2.16,2.11,2.13,2.13,0.0,0.0,131400.39,28025.755
387,002619.SZ,20200520,2.18,2.18,2.12,2.13,2.18,-0.05,-2.2936,156340.03,33529.417
388,002619.SZ,20200519,2.19,2.19,2.15,2.18,2.16,0.02,0.9259,121997.48,26493.475
389,002619.SZ,20200518,2.2,2.23,2.15,2.16,2.22,-0.06,-2.7027,170993.91,37353.787
390,002619.SZ,20200515,2.27,2.28,2.22,2.22,2.27,-0.05,-2.2026,193026.17,43243.033
391,002619.SZ,20200514,2.27,2.33,2.25,2.27,2.29,-0.02,-0.8734,191024.1,43746.75
392,002619.SZ,20200513,2.28,2.3,2.26,2.29,2.29,0.0,0.0,111081.43,25347.194
393,002619.SZ,20200512,2.28,2.3,2.24,2.29,2.29,0.0,0.0,117503.62,26689.96
394,002619.SZ,20200511,2.32,2.34,2.27,2.29,2.31,-0.02,-0.8658,151055.62,34739.103
395,002619.SZ,20200508,2.29,2.36,2.28,2.31,2.28,0.03,1.3158,194413.05,45067.327
396,002619.SZ,20200507,2.32,2.34,2.27,2.28,2.32,-0.04,-1.7241,151834.49,34853.275
397,002619.SZ,20200506,2.26,2.32,2.23,2.32,2.27,0.05,2.2026,179908.83,41078.259
398,002619.SZ,20200430,2.18,2.28,2.18,2.27,2.18,0.09,4.1284,208060.89,46626.725
399,002619.SZ,20200429,2.15,2.21,2.15,2.18,2.18,0.0,0.0,112591.42,24647.418
400,002619.SZ,20200428,2.24,2.27,2.11,2.18,2.24,-0.06,-2.6786,221451.82,48161.384
401,002619.SZ,20200427,2.31,2.33,2.23,2.24,2.33,-0.09,-3.8627,275604.14,62470.608
402,002619.SZ,20200424,2.44,2.44,2.31,2.33,2.47,-0.14,-5.668,355579.22,84024.774
403,002619.SZ,20200423,2.51,2.52,2.45,2.47,2.51,-0.04,-1.5936,229773.3,56867.132
404,002619.SZ,20200422,2.43,2.53,2.42,2.51,2.45,0.06,2.449,294433.71,72990.524
405,002619.SZ,20200421,2.42,2.53,2.41,2.45,2.43,0.02,0.823,253611.3,62689.625
406,002619.SZ,20200420,2.42,2.46,2.4,2.43,2.41,0.02,0.8299,155137.1,37709.872
407,002619.SZ,20200417,2.46,2.48,2.4,2.41,2.45,-0.04,-1.6327,191829.57,46915.307
408,002619.SZ,20200416,2.42,2.47,2.38,2.45,2.44,0.01,0.4098,171881.56,41823.252
409,002619.SZ,20200415,2.48,2.48,2.42,2.44,2.48,-0.04,-1.6129,184253.71,45148.665
410,002619.SZ,20200414,2.43,2.49,2.43,2.48,2.43,0.05,2.0576,233556.26,57312.545
411,002619.SZ,20200413,2.43,2.45,2.37,2.43,2.46,-0.03,-1.2195,225312.76,54470.181
412,002619.SZ,20200410,2.54,2.56,2.44,2.46,2.65,-0.19,-7.1698,754998.45,188577.654
413,002619.SZ,20200409,2.55,2.77,2.55,2.65,2.52,0.13,5.1587,1053507.48,285307.759
414,002619.SZ,20200408,2.55,2.64,2.49,2.52,2.54,-0.02,-0.7874,463067.84,118837.863
415,002619.SZ,20200407,2.44,2.55,2.41,2.54,2.42,0.12,4.9587,383336.17,94729.794
416,002619.SZ,20200403,2.34,2.53,2.32,2.42,2.35,0.07,2.9787,326369.81,78445.826
417,002619.SZ,20200402,2.27,2.35,2.26,2.35,2.28,0.07,3.0702,136258.14,31437.785
418,002619.SZ,20200401,2.27,2.32,2.25,2.28,2.29,-0.01,-0.4367,119936.2,27450.186
419,002619.SZ,20200331,2.35,2.36,2.29,2.29,2.32,-0.03,-1.2931,134914.08,31208.519
420,002619.SZ,20200330,2.37,2.37,2.31,2.32,2.41,-0.09,-3.7344,149984.64,34885.068
421,002619.SZ,20200327,2.44,2.46,2.41,2.41,2.41,0.0,0.0,146302.78,35506.124
422,002619.SZ,20200326,2.42,2.47,2.4,2.41,2.42,-0.01,-0.4132,212193.44,51685.274
423,002619.SZ,20200325,2.41,2.43,2.38,2.42,2.36,0.06,2.5424,217194.78,52218.183
424,002619.SZ,20200324,2.33,2.38,2.31,2.36,2.3,0.06,2.6087,195740.09,45841.019
425,002619.SZ,20200323,2.35,2.36,2.29,2.3,2.4,-0.1,-4.1667,188647.4,43875.871
426,002619.SZ,20200320,2.39,2.41,2.34,2.4,2.37,0.03,1.2658,157899.4,37543.237
427,002619.SZ,20200319,2.34,2.4,2.3,2.37,2.37,0.0,0.0,223994.79,52542.991
428,002619.SZ,20200318,2.43,2.48,2.36,2.37,2.43,-0.06,-2.4691,221116.57,53738.959
429,002619.SZ,20200317,2.49,2.51,2.35,2.43,2.46,-0.03,-1.2195,234287.28,56849.335
430,002619.SZ,20200316,2.6,2.61,2.45,2.46,2.57,-0.11,-4.2802,277471.17,70587.206
431,002619.SZ,20200313,2.51,2.61,2.45,2.57,2.66,-0.09,-3.3835,343666.67,86836.114
432,002619.SZ,20200312,2.72,2.73,2.65,2.66,2.75,-0.09,-3.2727,257955.74,69064.344
433,002619.SZ,20200311,2.78,2.83,2.75,2.75,2.79,-0.04,-1.4337,333142.74,92697.394
434,002619.SZ,20200310,2.72,2.79,2.64,2.79,2.75,0.04,1.4545,376085.4,102645.302
435,002619.SZ,20200309,2.83,2.89,2.74,2.75,2.86,-0.11,-3.8462,386981.25,108414.466
436,002619.SZ,20200306,2.86,2.89,2.85,2.86,2.9,-0.04,-1.3793,266412.1,76436.36
437,002619.SZ,20200305,2.85,2.92,2.84,2.9,2.84,0.06,2.1127,423712.38,121979.328
438,002619.SZ,20200304,2.8,2.85,2.78,2.84,2.84,0.0,0.0,358432.29,100718.227
439,002619.SZ,20200303,2.89,2.94,2.8,2.84,2.87,-0.03,-1.0453,444328.85,127829.124
440,002619.SZ,20200302,2.76,2.9,2.76,2.87,2.82,0.05,1.773,400311.37,113674.034
441,002619.SZ,20200228,2.92,2.98,2.82,2.82,3.03,-0.21,-6.9307,471171.82,136381.303
442,002619.SZ,20200227,2.98,3.08,2.98,3.03,2.96,0.07,2.3649,503775.62,153002.746
443,002619.SZ,20200226,2.9,3.02,2.87,2.96,2.94,0.02,0.6803,493613.35,146385.325
444,002619.SZ,20200225,2.95,2.95,2.81,2.94,3.02,-0.08,-2.649,462683.55,134519.172
445,002619.SZ,20200224,2.99,3.03,2.96,3.02,2.99,0.03,1.0033,382795.12,114987.247
446,002619.SZ,20200221,2.93,3.05,2.92,2.99,2.94,0.05,1.7007,465561.45,139197.95
447,002619.SZ,20200220,2.89,2.96,2.86,2.94,2.88,0.06,2.0833,366051.9,106656.309
448,002619.SZ,20200219,2.92,2.94,2.88,2.88,2.94,-0.06,-2.0408,298677.15,86792.18
449,002619.SZ,20200218,2.89,2.95,2.87,2.94,2.88,0.06,2.0833,329313.72,96010.495
450,002619.SZ,20200217,2.77,2.89,2.76,2.88,2.76,0.12,4.3478,365053.4,103792.309
451,002619.SZ,20200214,2.77,2.8,2.75,2.76,2.78,-0.02,-0.7194,200927.74,55633.606
452,002619.SZ,20200213,2.87,2.87,2.76,2.78,2.88,-0.1,-3.4722,310620.74,87250.46
453,002619.SZ,20200212,2.81,2.88,2.79,2.88,2.84,0.04,1.4085,316609.21,90163.842
454,002619.SZ,20200211,2.88,2.92,2.83,2.84,2.89,-0.05,-1.7301,277587.0,79568.747
455,002619.SZ,20200210,2.89,2.93,2.84,2.89,2.92,-0.03,-1.0274,320402.0,92300.323
456,002619.SZ,20200207,2.76,2.95,2.74,2.92,2.78,0.14,5.036,499038.12,141853.463
457,002619.SZ,20200206,2.71,2.82,2.67,2.78,2.71,0.07,2.583,449699.48,123433.694
458,002619.SZ,20200205,2.63,2.78,2.63,2.71,2.66,0.05,1.8797,433206.24,117594.21
459,002619.SZ,20200204,2.56,2.71,2.56,2.66,2.84,-0.18,-6.338,646527.88,170038.091
460,002619.SZ,20200203,2.84,2.84,2.84,2.84,3.15,-0.31,-9.8413,34622.0,9832.648
461,002619.SZ,20200123,3.2,3.28,3.1,3.15,3.24,-0.09,-2.7778,336621.4,107334.334
462,002619.SZ,20200122,3.17,3.26,3.13,3.24,3.19,0.05,1.5674,243996.6,78169.962
463,002619.SZ,20200121,3.25,3.26,3.18,3.19,3.27,-0.08,-2.4465,262841.2,84444.749
464,002619.SZ,20200120,3.27,3.27,3.21,3.27,3.29,-0.02,-0.6079,260703.56,84447.1
465,002619.SZ,20200117,3.34,3.37,3.28,3.29,3.35,-0.06,-1.791,321971.0,106759.373
466,002619.SZ,20200116,3.41,3.43,3.32,3.35,3.41,-0.06,-1.7595,359087.69,120878.045
467,002619.SZ,20200115,3.3,3.44,3.3,3.41,3.32,0.09,2.7108,564322.21,191123.94
468,002619.SZ,20200114,3.36,3.4,3.32,3.32,3.37,-0.05,-1.4837,341781.6,114612.008
469,002619.SZ,20200113,3.32,3.37,3.27,3.37,3.36,0.01,0.2976,353685.41,117520.744
470,002619.SZ,20200110,3.41,3.46,3.33,3.36,3.43,-0.07,-2.0408,425359.73,143288.415
471,002619.SZ,20200109,3.4,3.5,3.35,3.43,3.34,0.09,2.6946,541330.62,184918.431
472,002619.SZ,20200108,3.47,3.49,3.33,3.34,3.52,-0.18,-5.1136,777726.8,265312.999
473,002619.SZ,20200107,3.35,3.63,3.34,3.52,3.35,0.17,5.0746,1006233.64,350649.416
474,002619.SZ,20200106,3.3,3.39,3.26,3.35,3.32,0.03,0.9036,549054.19,183507.334
475,002619.SZ,20200103,3.29,3.38,3.26,3.32,3.27,0.05,1.5291,569070.63,188580.469
476,002619.SZ,20200102,3.17,3.32,3.15,3.27,3.15,0.12,3.8095,525130.65,170429.941
477,002619.SZ,20191231,3.14,3.18,3.13,3.15,3.16,-0.01,-0.3165,183644.33,57873.689
478,002619.SZ,20191230,3.15,3.18,3.1,3.16,3.17,-0.01,-0.3155,270219.08,84789.563
479,002619.SZ,20191227,3.21,3.28,3.16,3.17,3.22,-0.05,-1.5528,324620.94,104575.864
480,002619.SZ,20191226,3.19,3.23,3.17,3.22,3.21,0.01,0.3115,219958.6,70384.458
481,002619.SZ,20191225,3.17,3.24,3.15,3.21,3.18,0.03,0.9434,306975.7,98336.012
482,002619.SZ,20191224,3.1,3.2,3.1,3.18,3.11,0.07,2.2508,268736.93,84663.106
483,002619.SZ,20191223,3.2,3.25,3.1,3.11,3.2,-0.09,-2.8125,372861.15,118015.968
484,002619.SZ,20191220,3.35,3.36,3.2,3.2,3.33,-0.13,-3.9039,482578.2,157722.163
485,002619.SZ,20191219,3.3,3.43,3.29,3.33,3.32,0.01,0.3012,539269.91,180332.515
486,002619.SZ,20191218,3.22,3.39,3.18,3.32,3.22,0.1,3.1056,805394.7,264037.384
487,002619.SZ,20191217,3.2,3.26,3.16,3.22,3.18,0.04,1.2579,477754.26,153237.179
488,002619.SZ,20191216,3.12,3.2,3.1,3.18,3.12,0.06,1.9231,424353.92,134537.209
489,002619.SZ,20191213,3.1,3.14,3.09,3.12,3.09,0.03,0.9709,254704.11,79271.847
490,002619.SZ,20191212,3.14,3.17,3.09,3.09,3.14,-0.05,-1.5924,276646.07,86644.612
491,002619.SZ,20191211,3.18,3.23,3.13,3.14,3.19,-0.05,-1.5674,344706.86,109353.018
492,002619.SZ,20191210,3.15,3.2,3.12,3.19,3.18,0.01,0.3145,329765.57,104271.377
493,002619.SZ,20191209,3.18,3.23,3.15,3.18,3.2,-0.02,-0.625,332718.2,105971.931
494,002619.SZ,20191206,3.11,3.22,3.1,3.2,3.12,0.08,2.5641,453761.38,144176.665
495,002619.SZ,20191205,3.12,3.14,3.08,3.12,3.12,0.0,0.0,277562.5,86263.984
496,002619.SZ,20191204,2.99,3.16,2.98,3.12,3.02,0.1,3.3113,461104.05,142175.771
497,002619.SZ,20191203,2.98,3.03,2.95,3.02,3.0,0.02,0.6667,180800.11,53902.632
498,002619.SZ,20191202,2.99,3.01,2.97,3.0,2.99,0.01,0.3344,190278.45,56816.826
499,002619.SZ,20191129,2.97,3.0,2.95,2.99,2.98,0.01,0.3356,206331.89,61324.973
500,002619.SZ,20191128,3.0,3.05,2.97,2.98,3.02,-0.04,-1.3245,262191.71,78717.667
501,002619.SZ,20191127,3.01,3.04,2.98,3.02,3.03,-0.01,-0.33,299148.04,89870.805
502,002619.SZ,20191126,3.01,3.11,3.0,3.03,3.03,0.0,0.0,419011.87,128067.754
503,002619.SZ,20191125,3.15,3.18,3.03,3.03,3.27,-0.24,-7.3394,876045.23,270314.6
504,002619.SZ,20191122,3.62,3.62,3.27,3.27,3.63,-0.36,-9.9174,1643269.72,558129.001
505,002619.SZ,20191121,3.44,3.63,3.26,3.63,3.3,0.33,10.0,1760321.27,620947.975
506,002619.SZ,20191120,3.26,3.59,3.19,3.3,3.26,0.04,1.227,1050308.55,353575.85
507,002619.SZ,20191119,3.15,3.3,3.12,3.26,3.16,0.1,3.1646,592776.26,192215.63
508,002619.SZ,20191118,3.05,3.18,3.02,3.16,3.08,0.08,2.5974,420908.26,131537.024
509,002619.SZ,20191115,3.0,3.12,2.96,3.08,3.02,0.06,1.9868,344561.17,105795.745
510,002619.SZ,20191114,3.05,3.06,2.99,3.02,3.07,-0.05,-1.6287,201560.88,60893.458
511,002619.SZ,20191113,2.99,3.18,2.97,3.07,3.0,0.07,2.3333,364399.76,112239.708
512,002619.SZ,20191112,2.92,3.01,2.88,3.0,2.9,0.1,3.4483,211994.63,62672.024
513,002619.SZ,20191111,2.96,2.96,2.88,2.9,2.96,-0.06,-2.027,125065.57,36349.124
514,002619.SZ,20191108,2.95,3.01,2.95,2.96,2.95,0.01,0.339,157147.8,46843.397
515,002619.SZ,20191107,2.9,2.96,2.88,2.95,2.9,0.05,1.7241,125210.61,36691.546
516,002619.SZ,20191106,2.95,2.96,2.86,2.9,2.96,-0.06,-2.027,181470.02,52765.282
517,002619.SZ,20191105,3.02,3.02,2.91,2.96,2.99,-0.03,-1.0033,155351.76,46030.524
518,002619.SZ,20191104,3.01,3.07,2.98,2.99,3.04,-0.05,-1.6447,171919.0,51941.721
519,002619.SZ,20191101,3.0,3.05,2.97,3.04,3.01,0.03,0.9967,161135.6,48635.241
520,002619.SZ,20191031,3.15,3.18,3.0,3.01,3.14,-0.13,-4.1401,332917.58,101743.924
521,002619.SZ,20191030,3.11,3.18,3.06,3.14,3.11,0.03,0.9646,273569.9,85568.903
522,002619.SZ,20191029,3.19,3.27,3.11,3.11,3.22,-0.11,-3.4161,394902.2,126168.043
523,002619.SZ,20191028,3.06,3.35,3.05,3.22,3.08,0.14,4.5455,560232.57,179949.12
524,002619.SZ,20191025,3.11,3.12,3.05,3.08,3.13,-0.05,-1.5974,286976.6,88430.86
525,002619.SZ,20191024,3.11,3.17,3.09,3.13,3.16,-0.03,-0.9494,358449.62,112023.483
526,002619.SZ,20191023,3.13,3.26,3.08,3.16,3.18,-0.02,-0.6289,620215.67,196530.082
527,002619.SZ,20191022,3.16,3.24,3.07,3.18,3.26,-0.08,-2.454,783679.81,245818.182
528,002619.SZ,20191021,3.57,3.57,3.26,3.26,3.62,-0.36,-9.9448,965101.61,321872.121
529,002619.SZ,20191018,3.62,3.62,3.43,3.62,3.29,0.33,10.0304,859608.26,310718.549
530,002619.SZ,20191017,3.29,3.29,3.29,3.29,2.99,0.3,10.0334,142897.95,47013.425
531,002619.SZ,20191016,3.06,3.07,2.96,2.99,3.05,-0.06,-1.9672,301412.98,90823.633
532,002619.SZ,20191015,3.12,3.12,3.01,3.05,3.14,-0.09,-2.8662,390614.44,119268.361
533,002619.SZ,20191014,3.07,3.18,3.02,3.14,3.14,0.0,0.0,891104.98,276931.417
534,002619.SZ,20191011,2.85,3.14,2.81,3.14,2.85,0.29,10.1754,803958.6,246812.557
535,002619.SZ,20191010,2.81,2.85,2.8,2.85,2.82,0.03,1.0638,83788.4,23748.332
536,002619.SZ,20191009,2.78,2.83,2.76,2.82,2.81,0.01,0.3559,74846.5,20921.262
537,002619.SZ,20191008,2.84,2.85,2.79,2.81,2.84,-0.03,-1.0563,86473.9,24394.495
538,002619.SZ,20190930,2.86,2.88,2.83,2.84,2.86,-0.02,-0.6993,67224.73,19133.231
539,002619.SZ,20190927,2.82,2.88,2.82,2.86,2.82,0.04,1.4184,86735.4,24832.504
540,002619.SZ,20190926,2.89,2.92,2.82,2.82,2.89,-0.07,-2.4221,147242.71,42037.169
541,002619.SZ,20190925,2.94,2.94,2.87,2.89,2.96,-0.07,-2.3649,155760.0,45086.809
542,002619.SZ,20190924,2.93,2.98,2.92,2.96,2.94,0.02,0.6803,124293.2,36720.0
543,002619.SZ,20190923,2.99,2.99,2.9,2.94,3.0,-0.06,-2.0,139978.2,40975.581
544,002619.SZ,20190920,3.0,3.03,2.99,3.0,3.01,-0.01,-0.3322,129045.6,38805.024
545,002619.SZ,20190919,3.02,3.02,2.95,3.01,3.01,0.0,0.0,201429.76,60019.722
546,002619.SZ,20190918,3.05,3.07,2.99,3.01,3.03,-0.02,-0.6601,183677.5,55536.812
547,002619.SZ,20190917,3.14,3.14,3.01,3.03,3.16,-0.13,-4.1139,235751.5,72067.639
548,002619.SZ,20190916,3.18,3.2,3.13,3.16,3.15,0.01,0.3175,172673.4,54695.022
549,002619.SZ,20190912,3.14,3.15,3.1,3.15,3.13,0.02,0.639,130664.1,40840.545
550,002619.SZ,20190911,3.18,3.19,3.13,3.13,3.17,-0.04,-1.2618,122607.84,38665.874
551,002619.SZ,20190910,3.18,3.19,3.13,3.17,3.18,-0.01,-0.3145,139339.54,44111.046
552,002619.SZ,20190909,3.07,3.18,3.07,3.18,3.05,0.13,4.2623,198947.82,62501.407
553,002619.SZ,20190906,3.04,3.08,3.01,3.05,3.04,0.01,0.3289,107193.0,32642.964
554,002619.SZ,20190905,3.06,3.11,3.03,3.04,3.04,0.0,0.0,155727.99,47847.838
555,002619.SZ,20190904,3.02,3.05,2.99,3.04,3.02,0.02,0.6623,145973.6,44140.873
556,002619.SZ,20190903,2.99,3.03,2.97,3.02,2.98,0.04,1.3423,158958.1,47722.765
557,002619.SZ,20190902,2.88,2.99,2.86,2.98,2.86,0.12,4.1958,138201.96,40720.523
558,002619.SZ,20190830,2.98,2.98,2.85,2.86,2.95,-0.09,-3.0508,121162.3,35285.432
559,002619.SZ,20190829,2.99,3.0,2.94,2.95,2.98,-0.03,-1.0067,129851.7,38502.165
560,002619.SZ,20190828,2.96,3.01,2.93,2.98,2.96,0.02,0.6757,143801.6,42651.808
561,002619.SZ,20190827,2.84,2.96,2.83,2.96,2.83,0.13,4.5936,162573.96,47406.308
562,002619.SZ,20190826,2.83,2.84,2.79,2.83,2.89,-0.06,-2.0761,90391.24,25453.99
563,002619.SZ,20190823,2.93,2.93,2.87,2.89,2.93,-0.04,-1.3652,100326.94,29039.811
564,002619.SZ,20190822,2.92,2.93,2.89,2.93,2.91,0.02,0.6873,83037.6,24186.824
565,002619.SZ,20190821,2.89,2.93,2.88,2.91,2.9,0.01,0.3448,76894.25,22388.743
566,002619.SZ,20190820,2.92,2.96,2.89,2.9,2.92,-0.02,-0.6849,107431.4,31425.661
567,002619.SZ,20190819,2.86,2.92,2.84,2.92,2.83,0.09,3.1802,117838.69,34056.224
568,002619.SZ,20190816,2.81,2.85,2.79,2.83,2.81,0.02,0.7117,84886.5,24027.241
569,002619.SZ,20190815,2.75,2.83,2.72,2.81,2.82,-0.01,-0.3546,90534.31,24982.804
570,002619.SZ,20190814,2.81,2.85,2.8,2.82,2.78,0.04,1.4388,79935.0,22581.6
571,002619.SZ,20190813,2.79,2.81,2.77,2.78,2.82,-0.04,-1.4184,72455.88,20174.907
572,002619.SZ,20190812,2.78,2.82,2.75,2.82,2.77,0.05,1.8051,88918.88,24722.069
573,002619.SZ,20190809,2.79,2.82,2.75,2.77,2.78,-0.01,-0.3597,85975.63,23972.409
574,002619.SZ,20190808,2.78,2.8,2.77,2.78,2.76,0.02,0.7246,77916.18,21702.962
575,002619.SZ,20190807,2.83,2.84,2.76,2.76,2.83,-0.07,-2.4735,106658.61,29817.854
576,002619.SZ,20190806,2.92,2.92,2.73,2.83,2.99,-0.16,-5.3512,174446.4,49364.547
577,002619.SZ,20190805,3.02,3.06,2.98,2.99,3.02,-0.03,-0.9934,86997.8,26294.324
578,002619.SZ,20190802,3.05,3.06,2.98,3.02,3.11,-0.09,-2.8939,145989.01,44086.429
579,002619.SZ,20190801,3.12,3.14,3.08,3.11,3.14,-0.03,-0.9554,101790.7,31617.328
580,002619.SZ,20190731,3.17,3.2,3.14,3.14,3.2,-0.06,-1.875,80603.43,25460.595
581,002619.SZ,20190730,3.13,3.2,3.12,3.2,3.13,0.07,2.2364,132329.49,42054.25
582,002619.SZ,20190729,3.14,3.17,3.12,3.13,3.16,-0.03,-0.9494,56628.8,17757.396
583,002619.SZ,20190726,3.19,3.19,3.14,3.16,3.19,-0.03,-0.9404,71548.6,22580.27
584,002619.SZ,20190725,3.21,3.21,3.16,3.19,3.2,-0.01,-0.3125,54970.28,17492.6
585,002619.SZ,20190724,3.17,3.23,3.17,3.2,3.17,0.03,0.9464,79759.31,25537.564
586,002619.SZ,20190723,3.15,3.18,3.14,3.17,3.13,0.04,1.278,55471.34,17539.779
587,002619.SZ,20190722,3.27,3.27,3.1,3.13,3.25,-0.12,-3.6923,99020.98,31387.085
588,002619.SZ,20190719,3.23,3.3,3.22,3.25,3.23,0.02,0.6192,69478.3,22669.531
589,002619.SZ,20190718,3.28,3.28,3.22,3.23,3.29,-0.06,-1.8237,69642.7,22579.66
590,002619.SZ,20190717,3.28,3.32,3.27,3.29,3.3,-0.01,-0.303,73348.08,24210.05
591,002619.SZ,20190716,3.28,3.33,3.27,3.3,3.29,0.01,0.304,81553.05,26950.794
592,002619.SZ,20190715,3.26,3.32,3.21,3.29,3.27,0.02,0.6116,88961.65,29090.943
593,002619.SZ,20190712,3.24,3.27,3.2,3.27,3.24,0.03,0.9259,62210.82,20196.667
594,002619.SZ,20190711,3.24,3.29,3.22,3.24,3.23,0.01,0.3096,61951.2,20148.607
595,002619.SZ,20190710,3.27,3.28,3.22,3.23,3.27,-0.04,-1.2232,62532.26,20326.135
596,002619.SZ,20190709,3.23,3.28,3.2,3.27,3.22,0.05,1.5528,73778.0,23931.612
597,002619.SZ,20190708,3.4,3.4,3.22,3.22,3.4,-0.18,-5.2941,141211.9,46092.93
598,002619.SZ,20190705,3.38,3.41,3.34,3.4,3.39,0.01,0.295,62917.59,21241.958
599,002619.SZ,20190704,3.4,3.45,3.35,3.39,3.42,-0.03,-0.8772,103840.95,35323.943
600,002619.SZ,20190703,3.49,3.5,3.41,3.42,3.48,-0.06,-1.7241,83518.2,28678.028
601,002619.SZ,20190702,3.54,3.54,3.47,3.48,3.52,-0.04,-1.1364,84487.68,29536.49
602,002619.SZ,20190701,3.51,3.53,3.46,3.52,3.42,0.1,2.924,117123.5,41086.046
603,002619.SZ,20190628,3.49,3.5,3.37,3.42,3.49,-0.07,-2.0057,116280.0,39719.488
604,002619.SZ,20190627,3.52,3.56,3.48,3.49,3.5,-0.01,-0.2857,119690.68,42180.814
605,002619.SZ,20190626,3.54,3.56,3.49,3.5,3.55,-0.05,-1.4085,92559.6,32589.901
606,002619.SZ,20190625,3.57,3.6,3.48,3.55,3.61,-0.06,-1.662,152204.13,53752.62
607,002619.SZ,20190624,3.58,3.65,3.53,3.61,3.58,0.03,0.838,173856.18,62467.859
608,002619.SZ,20190621,3.57,3.64,3.53,3.58,3.53,0.05,1.4164,221043.88,79135.667
609,002619.SZ,20190620,3.46,3.55,3.41,3.53,3.46,0.07,2.0231,192741.6,67397.708
610,002619.SZ,20190619,3.48,3.54,3.42,3.46,3.41,0.05,1.4663,235650.23,82236.056
611,002619.SZ,20190618,3.35,3.46,3.33,3.41,3.36,0.05,1.4881,171857.29,58621.479
612,002619.SZ,20190617,3.33,3.38,3.26,3.36,3.33,0.03,0.9009,112365.55,37489.855
613,002619.SZ,20190614,3.4,3.45,3.3,3.33,3.4,-0.07,-2.0588,118428.62,39837.845
614,002619.SZ,20190613,3.3,3.43,3.3,3.4,3.31,0.09,2.719,202380.05,68415.045
615,002619.SZ,20190612,3.35,3.38,3.3,3.31,3.37,-0.06,-1.7804,114188.02,38088.191
616,002619.SZ,20190611,3.23,3.37,3.2,3.37,3.23,0.14,4.3344,168381.91,55774.315
617,002619.SZ,20190610,3.19,3.26,3.16,3.23,3.2,0.03,0.9375,91718.09,29465.193
618,002619.SZ,20190606,3.29,3.3,3.16,3.2,3.29,-0.09,-2.7356,128357.31,41219.029
619,002619.SZ,20190605,3.37,3.38,3.28,3.29,3.33,-0.04,-1.2012,85758.5,28592.063
620,002619.SZ,20190604,3.35,3.38,3.3,3.33,3.31,0.02,0.6042,112495.85,37526.33
621,002619.SZ,20190603,3.44,3.44,3.28,3.31,3.43,-0.12,-3.4985,157846.1,52880.938
622,002619.SZ,20190531,3.47,3.52,3.43,3.43,3.46,-0.03,-0.8671,115453.92,40006.867
623,002619.SZ,20190530,3.52,3.52,3.41,3.46,3.55,-0.09,-2.5352,134656.4,46514.661
624,002619.SZ,20190529,3.55,3.59,3.53,3.55,3.55,0.0,0.0,78743.35,28031.41
625,002619.SZ,20190528,3.58,3.62,3.53,3.55,3.58,-0.03,-0.838,107516.88,38555.902
626,002619.SZ,20190527,3.47,3.62,3.43,3.58,3.45,0.13,3.7681,127476.7,45016.831
627,002619.SZ,20190524,3.51,3.54,3.42,3.45,3.53,-0.08,-2.2663,137349.18,47628.055
628,002619.SZ,20190523,3.57,3.67,3.5,3.53,3.57,-0.04,-1.1204,142474.2,50928.919
629,002619.SZ,20190522,3.66,3.66,3.55,3.57,3.64,-0.07,-1.9231,111170.4,39988.124
630,002619.SZ,20190521,3.56,3.7,3.54,3.64,3.55,0.09,2.5352,116971.8,42404.117
631,002619.SZ,20190520,3.55,3.59,3.45,3.55,3.56,-0.01,-0.2809,97309.6,34187.127
632,002619.SZ,20190517,3.75,3.78,3.54,3.56,3.75,-0.19,-5.0667,193989.0,70578.044
633,002619.SZ,20190516,3.72,3.76,3.68,3.75,3.72,0.03,0.8065,109507.82,40872.682
634,002619.SZ,20190515,3.68,3.74,3.67,3.72,3.65,0.07,1.9178,129817.43,48105.041
635,002619.SZ,20190514,3.64,3.72,3.63,3.65,3.68,-0.03,-0.8152,103340.77,37933.089
636,002619.SZ,20190513,3.71,3.76,3.65,3.68,3.78,-0.1,-2.6455,116488.83,43246.121
637,002619.SZ,20190510,3.69,3.78,3.6,3.78,3.65,0.13,3.5616,177503.17,66152.857
638,002619.SZ,20190509,3.66,3.73,3.62,3.65,3.69,-0.04,-1.084,109448.38,40332.55
639,002619.SZ,20190508,3.61,3.73,3.55,3.69,3.68,0.01,0.2717,151651.56,55477.212
640,002619.SZ,20190507,3.63,3.7,3.58,3.68,3.58,0.1,2.7933,146870.75,53421.192
641,002619.SZ,20190506,3.93,3.93,3.58,3.58,3.98,-0.4,-10.0503,265362.85,98060.95
642,002619.SZ,20190430,3.92,4.04,3.91,3.98,3.93,0.05,1.2723,138296.99,55244.131
643,002619.SZ,20190429,4.15,4.18,3.83,3.93,4.16,-0.23,-5.5288,236020.47,94472.211
644,002619.SZ,20190426,4.2,4.25,4.13,4.16,4.19,-0.03,-0.716,173830.7,72893.827
645,002619.SZ,20190425,4.45,4.47,4.18,4.19,4.48,-0.29,-6.4732,276815.85,119696.936
646,002619.SZ,20190424,4.46,4.52,4.42,4.48,4.44,0.04,0.9009,181516.0,81165.107
647,002619.SZ,20190423,4.6,4.64,4.41,4.44,4.63,-0.19,-4.1037,322247.19,144567.267
648,002619.SZ,20190422,4.71,4.8,4.6,4.63,4.72,-0.09,-1.9068,307821.61,145286.97
649,002619.SZ,20190419,4.69,4.75,4.57,4.72,4.68,0.04,0.8547,236046.6,109973.083
650,002619.SZ,20190418,4.76,4.77,4.65,4.68,4.77,-0.09,-1.8868,234776.41,110310.739
651,002619.SZ,20190417,4.73,4.78,4.69,4.77,4.74,0.03,0.6329,312760.56,148127.049
652,002619.SZ,20190416,4.55,4.74,4.46,4.74,4.57,0.17,3.7199,335322.61,154455.525
653,002619.SZ,20190415,4.68,4.76,4.56,4.57,4.62,-0.05,-1.0823,281577.2,131390.49
654,002619.SZ,20190412,4.63,4.7,4.53,4.62,4.65,-0.03,-0.6452,280528.46,128919.508
655,002619.SZ,20190411,4.74,4.92,4.62,4.65,4.74,-0.09,-1.8987,446589.4,213282.969
656,002619.SZ,20190410,4.83,4.83,4.65,4.74,4.84,-0.1,-2.0661,419751.55,198802.815
657,002619.SZ,20190409,4.58,4.85,4.53,4.84,4.6,0.24,5.2174,613134.15,289794.28
658,002619.SZ,20190408,4.78,4.8,4.43,4.6,4.73,-0.13,-2.7484,502275.21,231117.925
659,002619.SZ,20190404,4.8,4.83,4.64,4.73,4.76,-0.03,-0.6303,433070.13,203997.077
660,002619.SZ,20190403,4.6,4.77,4.58,4.76,4.65,0.11,2.3656,472064.65,222730.539
661,002619.SZ,20190402,4.61,4.75,4.53,4.65,4.57,0.08,1.7505,511295.8,237263.068
662,002619.SZ,20190401,4.45,4.61,4.41,4.57,4.4,0.17,3.8636,329305.0,149741.086
663,002619.SZ,20190329,4.29,4.44,4.22,4.4,4.27,0.13,3.0445,280498.58,122267.613
664,002619.SZ,20190328,4.35,4.43,4.26,4.27,4.36,-0.09,-2.0642,259990.63,112501.432
665,002619.SZ,20190327,4.46,4.47,4.26,4.36,4.41,-0.05,-1.1338,329969.7,143249.345
666,002619.SZ,20190326,4.67,4.72,4.37,4.41,4.68,-0.27,-5.7692,518080.23,233306.61
667,002619.SZ,20190325,4.75,4.82,4.66,4.68,4.89,-0.21,-4.2945,632737.0,299105.316
668,002619.SZ,20190322,4.58,4.92,4.55,4.89,4.57,0.32,7.0022,1005061.56,476838.269
669,002619.SZ,20190321,4.65,4.67,4.5,4.57,4.6,-0.03,-0.6522,438755.87,201061.159
670,002619.SZ,20190320,4.54,4.65,4.42,4.6,4.51,0.09,1.9956,464729.85,211282.854
671,002619.SZ,20190319,4.38,4.65,4.34,4.51,4.35,0.16,3.6782,534683.1,241356.984
672,002619.SZ,20190318,4.27,4.36,4.16,4.35,4.22,0.13,3.0806,276075.76,117932.371
673,002619.SZ,20190315,4.18,4.29,4.17,4.22,4.16,0.06,1.4423,313452.3,132726.686
674,002619.SZ,20190314,4.37,4.43,4.08,4.16,4.45,-0.29,-6.5169,495500.57,208950.359
675,002619.SZ,20190313,4.67,4.67,4.42,4.45,4.67,-0.22,-4.7109,558257.02,253522.704
676,002619.SZ,20190312,4.66,4.78,4.55,4.67,4.56,0.11,2.4123,746699.9,347558.297
677,002619.SZ,20190311,4.25,4.56,4.25,4.56,4.28,0.28,6.5421,498650.2,219931.594
678,002619.SZ,20190308,4.48,4.67,4.28,4.28,4.54,-0.26,-5.7269,645094.01,288318.417
679,002619.SZ,20190307,4.39,4.7,4.33,4.54,4.47,0.07,1.566,794720.38,357584.438
680,002619.SZ,20190306,4.3,4.48,4.25,4.47,4.44,0.03,0.6757,778735.77,339124.178
681,002619.SZ,20190305,4.18,4.51,4.14,4.44,4.18,0.26,6.2201,611112.28,263906.597
682,002619.SZ,20190304,4.17,4.35,4.12,4.18,4.15,0.03,0.7229,531825.26,224424.462
683,002619.SZ,20190301,4.22,4.25,4.05,4.15,4.2,-0.05,-1.1905,339300.96,140183.335
684,002619.SZ,20190228,4.13,4.32,4.09,4.2,4.06,0.14,3.4483,474900.79,199586.812
685,002619.SZ,20190227,4.06,4.16,3.98,4.06,4.08,-0.02,-0.4902,360652.88,147044.119
686,002619.SZ,20190226,4.14,4.27,4.03,4.08,4.16,-0.08,-1.9231,489254.54,201859.878
687,002619.SZ,20190225,4.06,4.17,3.97,4.16,3.98,0.18,4.5226,474059.69,192865.107
688,002619.SZ,20190222,3.69,3.99,3.69,3.98,3.73,0.25,6.7024,399683.93,155120.346
689,002619.SZ,20190221,3.76,3.88,3.72,3.73,3.76,-0.03,-0.7979,255829.65,97163.519
690,002619.SZ,20190220,3.74,3.78,3.68,3.76,3.78,-0.02,-0.5291,182645.4,68174.239
691,002619.SZ,20190219,3.75,3.92,3.72,3.78,3.72,0.06,1.6129,307277.83,116657.908
692,002619.SZ,20190218,3.57,3.73,3.57,3.72,3.57,0.15,4.2017,215581.71,79149.921
693,002619.SZ,20190215,3.57,3.64,3.55,3.57,3.57,0.0,0.0,151215.3,54380.117
694,002619.SZ,20190214,3.54,3.61,3.52,3.57,3.54,0.03,0.8475,152186.0,54379.036
695,002619.SZ,20190213,3.51,3.56,3.49,3.54,3.49,0.05,1.4327,153819.21,54343.567
696,002619.SZ,20190212,3.43,3.51,3.41,3.49,3.42,0.07,2.0468,122638.79,42534.175
697,002619.SZ,20190211,3.31,3.44,3.3,3.42,3.28,0.14,4.2683,127181.99,43025.956
698,002619.SZ,20190201,3.16,3.29,3.14,3.28,3.16,0.12,3.7975,94059.31,30461.032
699,002619.SZ,20190131,3.2,3.27,3.07,3.16,3.24,-0.08,-2.4691,125054.73,39807.927
700,002619.SZ,20190130,3.32,3.32,3.24,3.24,3.36,-0.12,-3.5714,105305.8,34508.48
701,002619.SZ,20190129,3.39,3.4,3.2,3.36,3.39,-0.03,-0.885,131893.73,43532.885
702,002619.SZ,20190128,3.52,3.54,3.39,3.39,3.5,-0.11,-3.1429,125937.31,43541.534
703,002619.SZ,20190125,3.54,3.58,3.5,3.5,3.54,-0.04,-1.1299,96161.0,34085.319
704,002619.SZ,20190124,3.48,3.57,3.47,3.54,3.5,0.04,1.1429,111148.69,39279.072
705,002619.SZ,20190123,3.46,3.52,3.44,3.5,3.48,0.02,0.5747,79054.31,27611.668
706,002619.SZ,20190122,3.6,3.6,3.46,3.48,3.6,-0.12,-3.3333,143549.53,50599.389
707,002619.SZ,20190121,3.67,3.67,3.56,3.6,3.66,-0.06,-1.6393,153000.48,55062.163
708,002619.SZ,20190118,3.63,3.68,3.56,3.66,3.65,0.01,0.274,159803.4,57952.406
709,002619.SZ,20190117,3.69,3.71,3.63,3.65,3.73,-0.08,-2.1448,168643.32,61775.591
710,002619.SZ,20190116,3.6,3.79,3.58,3.73,3.61,0.12,3.3241,305105.88,113301.157
711,002619.SZ,20190115,3.5,3.63,3.5,3.61,3.54,0.07,1.9774,149922.76,53628.279
712,002619.SZ,20190114,3.65,3.66,3.51,3.54,3.6,-0.06,-1.6667,171074.2,61200.216
713,002619.SZ,20190111,3.59,3.6,3.54,3.6,3.58,0.02,0.5587,149156.43,53256.585
714,002619.SZ,20190110,3.56,3.65,3.55,3.58,3.53,0.05,1.4164,223573.6,80432.704
715,002619.SZ,20190109,3.54,3.66,3.47,3.53,3.55,-0.02,-0.5634,331616.6,118649.77
716,002619.SZ,20190108,3.48,3.56,3.44,3.55,3.49,0.06,1.7192,189750.75,66703.233
717,002619.SZ,20190107,3.49,3.52,3.45,3.49,3.45,0.04,1.1594,143569.53,50123.946
718,002619.SZ,20190104,3.26,3.5,3.26,3.45,3.34,0.11,3.2934,163031.09,55326.865
719,002619.SZ,20190103,3.4,3.42,3.33,3.34,3.35,-0.01,-0.2985,118549.36,39978.848
720,002619.SZ,20190102,3.39,3.42,3.34,3.35,3.37,-0.02,-0.5935,154774.43,52302.776
