,ts_code,trade_date,open,high,low,close,pre_close,change,pct_chg,vol,amount
0,300663.SZ,20211228,21.6,22.6,21.17,21.94,21.31,0.63,2.9564,392397.73,861913.735
1,300663.SZ,20211227,21.1,21.55,20.64,21.31,21.25,0.06,0.2824,343603.2,725630.454
2,300663.SZ,20211224,23.5,23.74,21.07,21.25,23.28,-2.03,-8.7199,553588.96,1219781.933
3,300663.SZ,20211223,23.0,23.78,22.6,23.28,23.14,0.14,0.605,435066.68,1008066.29
4,300663.SZ,20211222,23.41,24.6,23.04,23.14,23.83,-0.69,-2.8955,502951.75,1187499.135
5,300663.SZ,20211221,23.7,25.1,23.35,23.83,24.32,-0.49,-2.0148,621282.38,1502595.403
6,300663.SZ,20211220,22.56,25.25,22.42,24.32,23.12,1.2,5.1903,816625.33,1968470.21
7,300663.SZ,20211217,23.74,25.13,22.53,23.12,24.02,-0.9,-3.7469,781288.22,1832583.586
8,300663.SZ,20211216,23.95,25.5,23.61,24.02,23.62,0.4,1.6935,882252.42,2140411.047
9,300663.SZ,20211215,23.0,25.8,22.8,23.62,22.04,1.58,7.1688,1226452.01,2949591.419
10,300663.SZ,20211214,19.0,22.04,19.0,22.04,18.37,3.67,19.9782,813779.32,1681448.398
11,300663.SZ,20211213,18.45,18.79,18.3,18.37,18.47,-0.1,-0.5414,140739.59,260893.914
12,300663.SZ,20211210,18.91,19.16,18.4,18.47,19.01,-0.54,-2.8406,182965.47,341031.141
13,300663.SZ,20211209,19.0,19.48,18.91,19.01,19.16,-0.15,-0.7829,188927.8,362882.989
14,300663.SZ,20211208,18.95,19.39,18.75,19.16,19.13,0.03,0.1568,191966.15,364950.388
15,300663.SZ,20211207,18.99,19.85,18.59,19.13,18.7,0.43,2.2995,304387.12,587141.076
16,300663.SZ,20211206,18.53,18.8,18.02,18.7,18.52,0.18,0.9719,168293.96,311149.191
17,300663.SZ,20211203,18.36,18.97,18.36,18.52,18.39,0.13,0.7069,166768.8,309297.56
18,300663.SZ,20211202,19.03,19.56,18.38,18.39,19.26,-0.87,-4.5171,292567.15,552340.471
19,300663.SZ,20211201,19.4,20.6,19.1,19.26,19.44,-0.18,-0.9259,463132.74,915008.882
20,300663.SZ,20211130,18.57,19.48,18.24,19.44,18.36,1.08,5.8824,390921.92,738769.339
21,300663.SZ,20211129,18.0,18.9,17.91,18.36,18.66,-0.3,-1.6077,270798.77,498487.994
22,300663.SZ,20211126,17.45,19.58,17.21,18.66,17.57,1.09,6.2038,459697.23,850468.503
23,300663.SZ,20211125,17.3,17.97,17.22,17.57,17.27,0.3,1.7371,243223.99,429953.893
24,300663.SZ,20211124,17.55,17.55,17.11,17.27,17.48,-0.21,-1.2014,121496.66,210235.971
25,300663.SZ,20211123,17.2,17.5,16.86,17.48,17.19,0.29,1.687,183133.4,315681.749
26,300663.SZ,20211122,16.86,17.24,16.77,17.19,16.82,0.37,2.1998,131569.33,224147.51
27,300663.SZ,20211119,16.76,16.92,16.61,16.82,16.75,0.07,0.4179,91490.33,153529.049
28,300663.SZ,20211118,17.34,17.48,16.72,16.75,17.35,-0.6,-3.4582,172599.52,292644.391
29,300663.SZ,20211117,17.18,17.42,16.9,17.35,17.16,0.19,1.1072,114423.38,196347.602
30,300663.SZ,20211116,17.57,17.68,17.0,17.16,17.61,-0.45,-2.5554,149166.44,258905.137
31,300663.SZ,20211115,17.1,17.69,17.0,17.61,17.12,0.49,2.8621,210686.6,368506.013
32,300663.SZ,20211112,17.17,17.25,17.0,17.12,17.07,0.05,0.2929,120586.74,206404.565
33,300663.SZ,20211111,17.0,17.27,16.83,17.07,17.01,0.06,0.3527,135803.72,232128.659
34,300663.SZ,20211110,17.33,17.45,16.82,17.01,17.02,-0.01,-0.0588,139666.84,238494.127
35,300663.SZ,20211109,16.95,17.3,16.85,17.02,16.84,0.18,1.0689,134900.37,229825.537
36,300663.SZ,20211108,17.04,17.1,16.6,16.84,17.32,-0.48,-2.7714,131897.38,221195.562
37,300663.SZ,20211105,16.95,17.56,16.61,17.32,16.99,0.33,1.9423,214140.41,367977.662
38,300663.SZ,20211104,16.73,17.68,16.73,16.99,16.4,0.59,3.5976,182382.09,312947.401
39,300663.SZ,20211103,16.34,16.52,16.21,16.4,16.21,0.19,1.1721,80878.11,132478.006
40,300663.SZ,20211102,16.85,17.15,16.17,16.21,16.88,-0.67,-3.9692,134674.59,223410.664
41,300663.SZ,20211101,16.77,17.13,16.65,16.88,16.8,0.08,0.4762,76469.47,129533.793
42,300663.SZ,20211029,16.58,17.04,16.48,16.8,16.79,0.01,0.0596,94838.19,158912.249
43,300663.SZ,20211028,17.22,17.78,16.52,16.79,17.35,-0.56,-3.2277,143377.13,245575.785
44,300663.SZ,20211027,17.75,17.77,17.32,17.35,17.69,-0.34,-1.922,92191.89,160887.513
45,300663.SZ,20211026,17.99,18.15,17.63,17.69,18.01,-0.32,-1.7768,114720.4,204310.766
46,300663.SZ,20211025,18.02,18.11,17.6,18.01,18.32,-0.31,-1.6921,121410.47,217382.858
47,300663.SZ,20211022,18.45,18.96,18.06,18.32,18.32,0.0,0.0,168132.47,310546.588
48,300663.SZ,20211021,18.21,18.97,18.18,18.32,18.55,-0.23,-1.2399,171210.64,317495.192
49,300663.SZ,20211020,18.78,19.5,18.49,18.55,18.52,0.03,0.162,261596.95,496781.622
50,300663.SZ,20211019,18.03,18.66,17.88,18.52,17.96,0.56,3.118,163855.32,301260.489
51,300663.SZ,20211018,17.88,18.1,17.41,17.96,17.73,0.23,1.2972,95738.93,170639.124
52,300663.SZ,20211015,17.88,18.29,17.57,17.73,17.92,-0.19,-1.0603,123904.01,221521.219
53,300663.SZ,20211014,18.2,18.26,17.8,17.92,18.21,-0.29,-1.5925,96389.56,173149.801
54,300663.SZ,20211013,18.09,18.46,17.93,18.21,18.09,0.12,0.6633,85585.85,155417.791
55,300663.SZ,20211012,18.73,18.81,17.8,18.09,18.73,-0.64,-3.417,139218.33,253016.009
56,300663.SZ,20211011,18.85,19.12,18.58,18.73,19.06,-0.33,-1.7314,151778.25,285225.849
57,300663.SZ,20211008,18.33,19.17,18.15,19.06,18.18,0.88,4.8405,227632.08,425395.27
58,300663.SZ,20210930,17.72,18.2,17.5,18.18,17.33,0.85,4.9048,165761.09,298097.128
59,300663.SZ,20210929,18.4,18.4,17.31,17.33,18.44,-1.11,-6.0195,218149.64,385999.523
60,300663.SZ,20210928,19.03,19.25,18.01,18.44,19.16,-0.72,-3.7578,239767.82,445646.961
61,300663.SZ,20210927,20.25,21.39,19.16,19.16,19.25,-0.09,-0.4675,415945.35,839415.009
62,300663.SZ,20210924,18.52,20.25,18.52,19.25,18.51,0.74,3.9978,378809.53,738383.773
63,300663.SZ,20210923,17.72,19.3,17.72,18.51,17.72,0.79,4.4582,293455.94,546063.546
64,300663.SZ,20210922,17.67,18.14,17.5,17.72,18.06,-0.34,-1.8826,143966.63,256294.2
65,300663.SZ,20210917,19.2,19.35,17.87,18.06,18.99,-0.93,-4.8973,230247.03,423336.674
66,300663.SZ,20210916,19.31,19.74,18.89,18.99,19.52,-0.53,-2.7152,253226.84,487684.761
67,300663.SZ,20210915,20.42,20.78,19.45,19.52,21.0,-1.48,-7.0476,478963.95,960329.458
68,300663.SZ,20210914,18.3,21.32,18.19,21.0,17.95,3.05,16.9916,687516.77,1390382.929
69,300663.SZ,20210913,18.6,18.77,17.9,17.95,18.56,-0.61,-3.2866,152917.63,276151.009
70,300663.SZ,20210910,18.6,18.87,18.31,18.56,18.52,0.04,0.216,140614.22,261629.38
71,300663.SZ,20210909,18.86,18.86,18.31,18.52,18.85,-0.33,-1.7507,151641.27,281728.197
72,300663.SZ,20210908,19.02,19.38,18.74,18.85,19.12,-0.27,-1.4121,184322.18,348988.847
73,300663.SZ,20210907,19.05,19.8,19.05,19.12,19.32,-0.2,-1.0352,241836.36,466109.432
74,300663.SZ,20210906,18.71,19.48,18.4,19.32,19.06,0.26,1.3641,313886.48,597388.8
75,300663.SZ,20210903,18.2,19.37,18.2,19.06,17.77,1.29,7.2594,431419.46,810656.553
76,300663.SZ,20210902,17.95,18.14,17.64,17.77,17.97,-0.2,-1.113,136818.28,243837.014
77,300663.SZ,20210901,18.39,18.5,17.31,17.97,18.75,-0.78,-4.16,242707.32,435446.515
78,300663.SZ,20210831,18.06,19.3,17.77,18.75,18.15,0.6,3.3058,269709.14,502031.329
79,300663.SZ,20210830,18.2,18.73,18.08,18.15,18.08,0.07,0.3872,145254.84,266571.953
80,300663.SZ,20210827,18.27,18.56,18.01,18.08,18.26,-0.18,-0.9858,159088.22,289938.342
81,300663.SZ,20210826,19.23,19.4,18.2,18.26,19.02,-0.76,-3.9958,206269.47,384764.272
82,300663.SZ,20210825,19.28,19.68,18.95,19.02,19.63,-0.61,-3.1075,207483.62,398904.451
83,300663.SZ,20210824,19.76,20.3,19.55,19.63,19.76,-0.13,-0.6579,260353.5,516111.875
84,300663.SZ,20210823,18.58,19.8,18.28,19.76,19.26,0.5,2.5961,265351.22,512537.594
85,300663.SZ,20210820,19.08,19.56,18.85,19.26,19.38,-0.12,-0.6192,161162.22,309243.648
86,300663.SZ,20210819,19.13,19.99,19.11,19.38,19.33,0.05,0.2587,205985.5,404276.227
87,300663.SZ,20210818,18.77,19.76,18.56,19.33,18.96,0.37,1.9515,250564.79,478922.117
88,300663.SZ,20210817,20.42,20.44,18.88,18.96,19.91,-0.95,-4.7715,288521.72,565339.711
89,300663.SZ,20210816,19.89,20.23,19.79,19.91,20.04,-0.13,-0.6487,146280.62,292690.184
90,300663.SZ,20210813,20.5,20.59,19.93,20.04,20.85,-0.81,-3.8849,253126.56,511838.802
91,300663.SZ,20210812,21.1,21.99,20.76,20.85,20.58,0.27,1.312,307906.4,654748.532
92,300663.SZ,20210811,21.15,21.26,20.54,20.58,21.05,-0.47,-2.2328,199426.27,413443.474
93,300663.SZ,20210810,21.6,21.8,20.8,21.05,21.3,-0.25,-1.1737,247096.53,525720.334
94,300663.SZ,20210809,21.53,21.81,20.45,21.3,22.2,-0.9,-4.0541,365851.91,769874.622
95,300663.SZ,20210806,22.38,22.95,21.69,22.2,22.06,0.14,0.6346,290615.03,650134.67
96,300663.SZ,20210805,22.7,22.85,21.24,22.06,22.96,-0.9,-3.9199,351433.85,773258.827
97,300663.SZ,20210804,22.05,23.16,21.75,22.96,22.5,0.46,2.0444,311583.28,706467.802
98,300663.SZ,20210803,22.38,23.56,22.3,22.5,22.65,-0.15,-0.6623,333593.22,764130.138
99,300663.SZ,20210802,22.73,22.73,22.0,22.65,23.08,-0.43,-1.8631,304984.94,683380.42
100,300663.SZ,20210730,22.22,23.56,21.8,23.08,21.7,1.38,6.3594,447157.06,1021454.055
101,300663.SZ,20210729,21.3,22.24,21.18,21.7,20.81,0.89,4.2768,283829.83,616404.576
102,300663.SZ,20210728,22.3,22.5,20.2,20.81,22.63,-1.82,-8.0424,294093.29,619654.751
103,300663.SZ,20210727,22.5,23.4,21.86,22.63,22.12,0.51,2.3056,384384.15,872520.202
104,300663.SZ,20210726,22.75,23.16,21.55,22.12,22.64,-0.52,-2.2968,302986.29,677940.696
105,300663.SZ,20210723,23.81,24.16,22.54,22.64,23.8,-1.16,-4.8739,380178.93,880655.038
106,300663.SZ,20210722,24.51,24.8,23.63,23.8,24.37,-0.57,-2.3389,325205.47,777670.547
107,300663.SZ,20210721,23.85,24.64,23.64,24.37,23.73,0.64,2.697,344800.96,836753.223
108,300663.SZ,20210720,23.5,23.91,23.1,23.73,23.6,0.13,0.5508,283562.48,668319.126
109,300663.SZ,20210719,24.6,24.97,23.36,23.6,25.45,-1.85,-7.2692,443017.26,1069746.411
110,300663.SZ,20210716,26.08,27.15,25.45,25.45,26.15,-0.7,-2.6769,438421.07,1158894.523
111,300663.SZ,20210715,27.02,27.66,25.9,26.15,27.58,-1.43,-5.1849,412418.98,1098175.91
112,300663.SZ,20210714,40.38,44.49,39.49,41.4,40.25,1.15,2.8571,477055.74,2018062.894
113,300663.SZ,20210713,39.22,40.5,37.98,40.25,39.48,0.77,1.9504,340927.74,1332575.139
114,300663.SZ,20210712,37.9,40.5,36.71,39.48,37.72,1.76,4.666,391516.85,1519127.438
115,300663.SZ,20210709,37.55,38.4,36.65,37.72,38.52,-0.8,-2.0768,280594.91,1052490.264
116,300663.SZ,20210708,40.0,40.73,38.13,38.52,39.02,-0.5,-1.2814,344202.52,1350205.816
117,300663.SZ,20210707,39.8,40.49,35.7,39.02,41.31,-2.29,-5.5435,424524.57,1632874.692
118,300663.SZ,20210706,39.7,44.59,39.7,41.31,40.33,0.98,2.43,584452.2,2488285.679
119,300663.SZ,20210705,39.0,41.88,38.8,40.33,40.1,0.23,0.5736,451708.64,1822039.947
120,300663.SZ,20210702,37.9,40.52,37.15,40.1,37.56,2.54,6.7625,507231.75,1974969.403
121,300663.SZ,20210701,38.43,39.49,37.01,37.56,38.41,-0.85,-2.213,432419.11,1654643.575
122,300663.SZ,20210630,38.95,39.2,37.39,38.41,38.09,0.32,0.8401,407677.21,1558589.663
123,300663.SZ,20210629,40.6,41.96,37.7,38.09,40.61,-2.52,-6.2054,526644.64,2072804.596
124,300663.SZ,20210628,40.61,41.99,40.2,40.61,40.28,0.33,0.8193,434680.0,1782463.271
125,300663.SZ,20210625,43.3,46.95,40.2,40.28,45.0,-4.72,-10.4889,709894.17,3047655.404
126,300663.SZ,20210624,47.5,51.11,45.0,45.0,47.28,-2.28,-4.8223,617991.92,2989268.353
127,300663.SZ,20210623,46.5,47.99,44.28,47.28,46.0,1.28,2.7826,594004.55,2755975.415
128,300663.SZ,20210622,48.04,49.33,44.0,46.0,49.4,-3.4,-6.8826,828106.69,3897805.61
129,300663.SZ,20210621,41.18,49.4,41.18,49.4,41.17,8.23,19.9903,901923.31,4257178.815
130,300663.SZ,20210618,38.02,46.18,37.88,41.17,40.67,0.5,1.2294,813844.68,3371369.541
131,300663.SZ,20210617,39.2,42.87,37.88,40.67,39.01,1.66,4.2553,813061.22,3272797.198
132,300663.SZ,20210616,40.4,41.55,36.5,39.01,42.5,-3.49,-8.2118,888732.17,3491844.345
133,300663.SZ,20210615,40.0,43.44,37.93,42.5,36.2,6.3,17.4033,879730.88,3641624.952
134,300663.SZ,20210611,32.0,36.2,31.15,36.2,30.17,6.03,19.9867,504950.18,1714550.032
135,300663.SZ,20210610,25.6,30.17,25.07,30.17,25.14,5.03,20.008,651098.98,1848245.873
136,300663.SZ,20210609,24.7,25.5,24.28,25.14,25.09,0.05,0.1993,254787.18,631078.744
137,300663.SZ,20210608,25.0,26.92,24.39,25.09,25.16,-0.07,-0.2782,378948.28,964266.079
138,300663.SZ,20210607,22.7,25.67,22.35,25.16,22.33,2.83,12.6735,323029.36,779725.974
139,300663.SZ,20210604,23.2,23.28,22.0,22.33,23.13,-0.8,-3.4587,164018.89,368255.983
140,300663.SZ,20210603,22.99,24.4,22.9,23.13,22.6,0.53,2.3451,232884.57,551565.45
141,300663.SZ,20210602,23.6,23.88,22.59,22.6,23.58,-0.98,-4.1561,139738.24,321309.931
142,300663.SZ,20210601,23.01,23.82,22.95,23.58,23.54,0.04,0.1699,175773.2,409603.703
143,300663.SZ,20210531,24.43,24.58,23.11,23.54,23.8,-0.26,-1.0924,233142.72,551403.2
144,300663.SZ,20210528,23.21,23.95,22.65,23.8,22.8,1.0,4.386,278585.18,651030.506
145,300663.SZ,20210527,23.1,23.63,22.76,22.8,22.88,-0.08,-0.3497,207262.22,479447.923
146,300663.SZ,20210526,22.78,24.55,22.57,22.88,22.28,0.6,2.693,306271.82,716200.531
147,300663.SZ,20210525,21.68,22.42,21.02,22.28,20.92,1.36,6.501,221906.95,480371.387
148,300663.SZ,20210524,19.55,21.13,19.48,20.92,19.88,1.04,5.2314,123392.49,254145.544
149,300663.SZ,20210521,20.13,20.68,19.88,19.88,20.13,-0.25,-1.2419,70557.8,142920.034
150,300663.SZ,20210520,20.21,20.49,19.66,20.13,20.4,-0.27,-1.3235,83535.83,167063.164
151,300663.SZ,20210519,20.92,20.97,20.24,20.4,21.09,-0.69,-3.2717,88755.03,182976.82
152,300663.SZ,20210518,21.18,21.37,20.78,21.09,21.08,0.01,0.0474,80512.37,169790.918
153,300663.SZ,20210517,21.57,21.6,20.5,21.08,22.04,-0.96,-4.3557,117937.51,247734.738
154,300663.SZ,20210514,21.23,22.3,21.01,22.04,21.33,0.71,3.3286,134742.24,291536.534
155,300663.SZ,20210513,21.7,22.6,21.29,21.33,22.18,-0.85,-3.8323,146760.52,319378.374
156,300663.SZ,20210512,20.66,22.88,20.56,22.18,21.16,1.02,4.8204,191796.86,422515.059
157,300663.SZ,20210511,20.61,21.59,20.33,21.16,20.65,0.51,2.4697,166905.07,352050.17
158,300663.SZ,20210510,19.77,20.81,19.49,20.65,19.18,1.47,7.6642,149991.8,305035.687
159,300663.SZ,20210507,19.0,19.83,18.7,19.18,19.17,0.01,0.0522,78132.38,151297.87
160,300663.SZ,20210506,18.9,19.68,18.51,19.17,18.9,0.27,1.4286,65647.43,125373.551
161,300663.SZ,20210430,18.55,19.3,18.51,18.9,18.55,0.35,1.8868,57922.72,109578.424
162,300663.SZ,20210429,18.9,19.14,18.55,18.55,18.26,0.29,1.5882,58120.44,109283.823
163,300663.SZ,20210428,19.61,19.65,18.05,18.26,20.24,-1.98,-9.7826,117739.39,220285.633
164,300663.SZ,20210427,20.16,20.66,19.74,20.24,19.71,0.53,2.689,81592.14,165536.991
165,300663.SZ,20210426,19.88,20.15,19.66,19.71,19.68,0.03,0.1524,45308.79,90255.332
166,300663.SZ,20210423,20.43,20.45,19.67,19.68,20.77,-1.09,-5.248,81247.74,162283.566
167,300663.SZ,20210422,20.49,21.21,19.86,20.77,20.66,0.11,0.5324,109992.98,224763.038
168,300663.SZ,20210421,20.69,21.39,20.45,20.66,20.76,-0.1,-0.4817,88737.52,185385.084
169,300663.SZ,20210420,20.56,21.25,20.23,20.76,20.65,0.11,0.5327,96246.56,200983.964
170,300663.SZ,20210419,20.83,21.06,20.3,20.65,21.2,-0.55,-2.5943,126225.02,260899.492
171,300663.SZ,20210416,20.01,21.6,20.01,21.2,20.34,0.86,4.2281,139441.07,293643.01
172,300663.SZ,20210415,20.49,22.1,20.32,20.34,20.8,-0.46,-2.2115,137990.91,292039.818
173,300663.SZ,20210414,21.22,21.25,20.43,20.8,21.31,-0.51,-2.3932,99450.13,206801.735
174,300663.SZ,20210413,19.6,21.33,19.58,21.31,19.81,1.5,7.5719,153264.78,316959.987
175,300663.SZ,20210412,19.95,20.79,19.56,19.81,19.71,0.1,0.5074,103688.51,209110.888
176,300663.SZ,20210409,19.73,20.67,19.6,19.71,19.82,-0.11,-0.555,82830.52,165692.29
177,300663.SZ,20210408,20.21,20.26,19.69,19.82,20.31,-0.49,-2.4126,83681.85,166605.475
178,300663.SZ,20210407,20.81,20.88,20.16,20.31,21.02,-0.71,-3.3777,94007.39,191488.675
179,300663.SZ,20210406,20.99,21.4,20.8,21.02,21.21,-0.19,-0.8958,100219.27,210766.349
180,300663.SZ,20210402,22.0,22.26,20.88,21.21,21.42,-0.21,-0.9804,145909.39,313452.954
181,300663.SZ,20210401,20.98,22.0,20.51,21.42,20.85,0.57,2.7338,160483.92,342734.639
182,300663.SZ,20210331,19.22,22.13,19.22,20.85,19.27,1.58,8.1993,200957.42,420015.062
183,300663.SZ,20210330,19.65,20.08,19.15,19.27,19.85,-0.58,-2.9219,102082.23,198850.893
184,300663.SZ,20210329,20.2,20.92,19.6,19.85,19.88,-0.03,-0.1509,136197.82,275625.883
185,300663.SZ,20210326,19.55,20.35,19.25,19.88,20.12,-0.24,-1.1928,152811.0,302755.823
186,300663.SZ,20210325,17.2,20.57,16.85,20.12,17.2,2.92,16.9767,211169.96,404163.604
187,300663.SZ,20210324,17.55,17.79,17.08,17.2,17.81,-0.61,-3.425,68908.67,119557.211
188,300663.SZ,20210323,17.29,18.36,16.95,17.81,16.92,0.89,5.26,113397.97,200413.205
189,300663.SZ,20210322,16.89,17.14,16.8,16.92,16.77,0.15,0.8945,24951.17,42244.479
190,300663.SZ,20210319,16.67,17.07,16.52,16.77,16.75,0.02,0.1194,25939.15,43731.466
191,300663.SZ,20210318,16.93,16.94,16.6,16.75,16.84,-0.09,-0.5344,22415.72,37593.877
192,300663.SZ,20210317,16.67,16.94,16.43,16.84,16.66,0.18,1.0804,31029.75,51929.861
193,300663.SZ,20210316,16.23,16.68,16.21,16.66,16.21,0.45,2.7761,39959.64,66028.882
194,300663.SZ,20210315,16.86,16.95,16.01,16.21,16.83,-0.62,-3.6839,51731.14,84568.637
195,300663.SZ,20210312,17.06,17.24,16.71,16.83,17.06,-0.23,-1.3482,30119.2,50817.406
196,300663.SZ,20210311,16.68,17.15,16.66,17.06,16.85,0.21,1.2463,32807.94,55430.861
197,300663.SZ,20210310,17.72,17.81,16.79,16.85,17.37,-0.52,-2.9937,41429.37,70686.955
198,300663.SZ,20210309,18.3,18.45,17.26,17.37,18.35,-0.98,-5.3406,44575.48,78961.107
199,300663.SZ,20210308,18.97,19.15,18.33,18.35,18.83,-0.48,-2.5491,37380.6,70186.715
200,300663.SZ,20210305,18.54,18.9,18.4,18.83,18.56,0.27,1.4547,30078.91,56386.194
201,300663.SZ,20210304,18.92,18.95,18.46,18.56,18.9,-0.34,-1.7989,35681.75,66622.002
202,300663.SZ,20210303,19.0,19.18,18.61,18.9,18.97,-0.07,-0.369,29401.24,55323.303
203,300663.SZ,20210302,19.36,19.44,18.75,18.97,19.13,-0.16,-0.8364,42375.33,80395.115
204,300663.SZ,20210301,18.6,19.32,18.6,19.13,18.46,0.67,3.6295,51933.6,99175.838
205,300663.SZ,20210226,18.0,18.67,17.93,18.46,18.36,0.1,0.5447,35814.33,65979.743
206,300663.SZ,20210225,18.89,19.18,18.25,18.36,18.83,-0.47,-2.496,38770.6,71551.882
207,300663.SZ,20210224,18.5,19.11,18.41,18.83,18.45,0.38,2.0596,48752.51,91861.844
208,300663.SZ,20210223,18.52,18.89,18.35,18.45,18.85,-0.4,-2.122,33647.04,62387.207
209,300663.SZ,20210222,19.17,19.66,18.8,18.85,19.13,-0.28,-1.4637,52859.02,101863.259
210,300663.SZ,20210219,18.58,19.18,18.4,19.13,18.91,0.22,1.1634,51181.03,96608.584
211,300663.SZ,20210218,18.44,19.41,18.28,18.91,17.66,1.25,7.0781,76373.22,144655.208
212,300663.SZ,20210210,17.7,17.95,17.55,17.66,17.66,0.0,0.0,35334.25,62627.62
213,300663.SZ,20210209,17.69,17.99,17.45,17.66,17.19,0.47,2.7341,40099.24,70866.015
214,300663.SZ,20210208,17.45,17.45,16.96,17.19,17.17,0.02,0.1165,28158.55,48529.399
215,300663.SZ,20210205,17.88,18.15,17.1,17.17,17.73,-0.56,-3.1585,35406.64,62414.668
216,300663.SZ,20210204,18.3,18.4,17.2,17.73,18.27,-0.54,-2.9557,56187.64,98878.728
217,300663.SZ,20210203,18.92,18.94,18.25,18.27,18.94,-0.67,-3.5375,39990.63,74178.312
218,300663.SZ,20210202,19.27,19.27,18.8,18.94,19.15,-0.21,-1.0966,30321.98,57605.18
219,300663.SZ,20210201,18.77,19.25,18.57,19.15,18.57,0.58,3.1233,37444.32,71239.919
220,300663.SZ,20210129,19.55,19.76,18.3,18.57,19.44,-0.87,-4.4753,60092.22,113578.151
221,300663.SZ,20210128,19.66,20.55,19.18,19.44,20.25,-0.81,-4.0,62672.14,123986.531
222,300663.SZ,20210127,20.69,20.73,20.02,20.25,20.65,-0.4,-1.937,54681.84,111188.438
223,300663.SZ,20210126,20.52,21.39,20.41,20.65,20.88,-0.23,-1.1015,44793.87,93852.868
224,300663.SZ,20210125,22.75,22.77,20.79,20.88,21.94,-1.06,-4.8314,79911.1,173559.15
225,300663.SZ,20210122,21.88,21.98,21.02,21.94,21.8,0.14,0.6422,70560.28,152386.615
226,300663.SZ,20210121,21.25,22.26,21.23,21.8,21.23,0.57,2.6849,67448.07,147475.95
227,300663.SZ,20210120,21.24,21.5,21.14,21.23,21.3,-0.07,-0.3286,34549.98,73515.435
228,300663.SZ,20210119,21.09,21.63,21.05,21.3,21.16,0.14,0.6616,46873.86,99985.191
229,300663.SZ,20210118,20.93,21.28,20.89,21.16,20.95,0.21,1.0024,40327.6,85107.836
230,300663.SZ,20210115,20.81,21.09,20.61,20.95,20.61,0.34,1.6497,46052.0,96142.761
231,300663.SZ,20210114,20.5,20.94,20.25,20.61,20.43,0.18,0.8811,53394.84,110291.312
232,300663.SZ,20210113,21.05,21.09,20.34,20.43,20.83,-0.4,-1.9203,43729.68,89894.314
233,300663.SZ,20210112,20.71,21.11,20.42,20.83,20.71,0.12,0.5794,37285.0,77434.977
234,300663.SZ,20210111,21.22,21.72,20.5,20.71,21.22,-0.51,-2.4034,51478.31,108149.776
235,300663.SZ,20210108,20.67,21.8,20.6,21.22,20.61,0.61,2.9597,59890.77,127367.133
236,300663.SZ,20210107,21.95,22.0,20.19,20.61,22.02,-1.41,-6.4033,82156.76,172678.847
237,300663.SZ,20210106,23.1,23.27,21.96,22.02,23.08,-1.06,-4.5927,59549.65,132516.636
238,300663.SZ,20210105,23.18,23.55,22.76,23.08,23.35,-0.27,-1.1563,47515.54,109741.233
239,300663.SZ,20210104,23.15,23.46,22.92,23.35,22.77,0.58,2.5472,53160.65,123508.855
240,300663.SZ,20201231,22.41,23.27,22.41,22.77,22.4,0.37,1.6518,44530.47,101961.577
241,300663.SZ,20201230,22.5,22.66,22.11,22.4,22.66,-0.26,-1.1474,36119.22,80611.203
242,300663.SZ,20201229,22.16,23.2,22.0,22.66,22.15,0.51,2.3025,53106.36,121119.386
243,300663.SZ,20201228,22.01,22.85,21.48,22.15,21.95,0.2,0.9112,47861.94,106174.521
244,300663.SZ,20201225,22.04,22.46,21.91,21.95,22.16,-0.21,-0.9477,28985.47,64166.397
245,300663.SZ,20201224,22.8,22.94,22.02,22.16,22.49,-0.33,-1.4673,40562.02,91103.505
246,300663.SZ,20201223,22.64,22.89,22.26,22.49,22.6,-0.11,-0.4867,38342.66,86409.601
247,300663.SZ,20201222,23.0,23.32,22.5,22.6,23.13,-0.53,-2.2914,39727.36,91029.188
248,300663.SZ,20201221,23.53,23.53,22.96,23.13,22.96,0.17,0.7404,32507.18,75526.382
249,300663.SZ,20201218,23.38,23.58,22.96,22.96,23.45,-0.49,-2.0896,39033.62,90627.296
250,300663.SZ,20201217,22.29,23.63,22.29,23.45,22.28,1.17,5.2513,63553.91,146665.959
251,300663.SZ,20201216,23.13,23.14,22.1,22.28,23.03,-0.75,-3.2566,44019.4,99142.694
252,300663.SZ,20201215,22.96,23.27,22.7,23.03,23.0,0.03,0.1304,34163.89,78461.472
253,300663.SZ,20201214,23.31,23.33,22.58,23.0,23.2,-0.2,-0.8621,34811.18,80080.773
254,300663.SZ,20201211,24.0,24.35,22.89,23.2,24.08,-0.88,-3.6545,55057.05,128166.486
255,300663.SZ,20201210,24.45,24.5,24.06,24.08,24.44,-0.36,-1.473,28590.5,69290.732
256,300663.SZ,20201209,24.81,25.08,24.38,24.44,24.83,-0.39,-1.5707,34857.79,86209.19
257,300663.SZ,20201208,24.73,25.07,24.73,24.83,24.9,-0.07,-0.2811,24982.65,62241.04
258,300663.SZ,20201207,25.23,25.43,24.89,24.9,25.12,-0.22,-0.8758,30571.86,76771.452
259,300663.SZ,20201204,25.53,25.62,25.06,25.12,25.57,-0.45,-1.7599,34484.47,86968.306
260,300663.SZ,20201203,25.5,25.94,25.43,25.57,25.55,0.02,0.0783,35590.0,91467.411
261,300663.SZ,20201202,25.44,25.85,25.41,25.55,25.64,-0.09,-0.351,41588.48,106469.344
262,300663.SZ,20201201,25.06,25.98,25.06,25.64,24.88,0.76,3.0547,61085.03,156620.319
263,300663.SZ,20201130,24.71,25.23,24.5,24.88,24.7,0.18,0.7287,37080.04,92678.055
264,300663.SZ,20201127,24.78,24.93,24.45,24.7,24.78,-0.08,-0.3228,26338.0,64951.499
265,300663.SZ,20201126,24.89,25.14,24.6,24.78,24.91,-0.13,-0.5219,26264.66,65178.546
266,300663.SZ,20201125,25.23,25.56,24.83,24.91,25.23,-0.32,-1.2683,34585.24,87050.433
267,300663.SZ,20201124,25.23,25.68,25.16,25.23,25.62,-0.39,-1.5222,35949.3,91250.92
268,300663.SZ,20201123,25.34,25.88,25.16,25.62,25.34,0.28,1.105,43171.34,110054.213
269,300663.SZ,20201120,25.5,25.8,25.2,25.34,25.63,-0.29,-1.1315,36734.23,93418.669
270,300663.SZ,20201119,25.04,25.64,24.84,25.63,25.08,0.55,2.193,42774.4,108725.492
271,300663.SZ,20201118,24.82,25.44,24.61,25.08,24.89,0.19,0.7634,36615.22,91948.4
272,300663.SZ,20201117,25.55,25.7,24.43,24.89,25.75,-0.86,-3.3398,62462.14,155238.567
273,300663.SZ,20201116,26.65,26.79,25.44,25.75,26.66,-0.91,-3.4134,71500.19,185430.339
274,300663.SZ,20201113,26.91,26.91,26.3,26.66,26.91,-0.25,-0.929,32042.61,85130.049
275,300663.SZ,20201112,26.91,27.28,26.79,26.91,26.75,0.16,0.5981,31954.23,86215.398
276,300663.SZ,20201111,27.6,27.68,26.69,26.75,27.58,-0.83,-3.0094,48034.94,129878.583
277,300663.SZ,20201110,27.54,28.26,27.2,27.58,27.59,-0.01,-0.0362,68488.79,189779.326
278,300663.SZ,20201109,26.64,27.85,26.64,27.59,26.63,0.96,3.605,77404.35,212170.052
279,300663.SZ,20201106,27.15,27.38,26.26,26.63,27.16,-0.53,-1.9514,69133.27,185155.026
280,300663.SZ,20201105,28.1,28.5,26.13,27.16,28.02,-0.86,-3.0692,148710.62,403634.612
281,300663.SZ,20201104,28.7,29.13,27.82,28.02,29.25,-1.23,-4.2051,91979.05,261192.091
282,300663.SZ,20201103,28.5,29.45,27.85,29.25,28.52,0.73,2.5596,62330.76,180063.341
283,300663.SZ,20201102,29.26,29.5,28.01,28.52,29.0,-0.48,-1.6552,78906.15,226135.017
284,300663.SZ,20201030,31.01,31.49,28.8,29.0,31.46,-2.46,-7.8195,131453.25,393985.158
285,300663.SZ,20201029,31.01,31.79,30.53,31.46,31.91,-0.45,-1.4102,101548.61,315595.737
286,300663.SZ,20201028,32.66,32.66,31.72,31.91,33.06,-1.15,-3.4785,146956.73,472389.675
287,300663.SZ,20201027,31.55,33.57,30.88,33.06,31.84,1.22,3.8317,194647.64,630131.261
288,300663.SZ,20201026,30.61,32.02,30.6,31.84,30.29,1.55,5.1172,143040.12,451948.073
289,300663.SZ,20201023,31.38,31.8,30.28,30.29,31.44,-1.15,-3.6578,106483.94,329398.074
290,300663.SZ,20201022,31.34,32.71,31.33,31.44,31.24,0.2,0.6402,173692.69,554611.837
291,300663.SZ,20201021,29.99,32.7,29.3,31.24,29.98,1.26,4.2028,168281.64,523546.336
292,300663.SZ,20201020,29.6,30.25,29.21,29.98,29.29,0.69,2.3558,62530.76,186914.299
293,300663.SZ,20201019,29.9,30.28,29.08,29.29,30.25,-0.96,-3.1736,65233.25,192963.402
294,300663.SZ,20201016,29.6,30.9,29.23,30.25,29.29,0.96,3.2776,89582.5,268968.214
295,300663.SZ,20201015,29.73,29.98,29.18,29.29,29.37,-0.08,-0.2724,50251.86,148666.661
296,300663.SZ,20201014,30.12,30.29,29.33,29.37,30.03,-0.66,-2.1978,62561.16,185929.516
297,300663.SZ,20201013,30.86,30.87,29.76,30.03,30.53,-0.5,-1.6377,86281.42,260664.842
298,300663.SZ,20201012,30.41,31.5,30.33,30.53,29.5,1.03,3.4915,117461.94,361769.941
299,300663.SZ,20201009,29.6,29.68,29.05,29.5,28.84,0.66,2.2885,47300.95,139378.778
300,300663.SZ,20200930,29.01,29.18,28.5,28.84,28.84,0.0,0.0,32616.48,94001.964
301,300663.SZ,20200929,28.7,29.19,28.62,28.84,28.3,0.54,1.9081,45137.87,130610.862
302,300663.SZ,20200928,28.81,29.2,28.3,28.3,28.78,-0.48,-1.6678,38605.05,110360.527
303,300663.SZ,20200925,29.97,29.97,28.7,28.78,29.61,-0.83,-2.8031,57251.72,166943.633
304,300663.SZ,20200924,30.7,30.88,29.41,29.61,31.11,-1.5,-4.8216,74861.52,226139.511
305,300663.SZ,20200923,30.61,31.5,30.03,31.11,30.92,0.19,0.6145,82093.97,252658.395
306,300663.SZ,20200922,30.09,31.5,29.86,30.92,30.76,0.16,0.5202,75835.58,232446.345
307,300663.SZ,20200921,32.0,32.39,30.6,30.76,31.2,-0.44,-1.4103,99986.3,314846.719
308,300663.SZ,20200918,30.6,31.2,29.85,31.2,30.56,0.64,2.0942,99083.61,303896.633
309,300663.SZ,20200917,30.0,30.88,29.64,30.56,29.99,0.57,1.9006,99318.68,302309.031
310,300663.SZ,20200916,29.15,29.99,28.51,29.99,29.44,0.55,1.8682,73745.85,214872.965
311,300663.SZ,20200915,29.7,30.25,29.13,29.44,29.5,-0.06,-0.2034,60662.9,180163.984
312,300663.SZ,20200914,29.0,29.8,28.85,29.5,28.92,0.58,2.0055,59196.46,174255.625
313,300663.SZ,20200911,28.2,28.95,28.15,28.92,28.27,0.65,2.2993,53371.75,152817.93
314,300663.SZ,20200910,29.5,30.1,27.93,28.27,29.11,-0.84,-2.8856,82595.17,240555.528
315,300663.SZ,20200909,30.31,30.54,28.62,29.11,30.88,-1.77,-5.7319,131472.03,387204.959
316,300663.SZ,20200908,31.81,32.48,30.23,30.88,32.11,-1.23,-3.8306,120860.23,375906.962
317,300663.SZ,20200907,33.12,34.44,31.6,32.11,33.0,-0.89,-2.697,152722.98,508309.814
318,300663.SZ,20200904,32.39,33.15,31.55,33.0,33.35,-0.35,-1.0495,130309.03,421102.433
319,300663.SZ,20200903,32.28,34.75,32.02,33.35,32.62,0.73,2.2379,202457.86,677806.256
320,300663.SZ,20200902,31.81,32.98,30.9,32.62,31.7,0.92,2.9022,149572.5,479160.943
321,300663.SZ,20200901,31.07,32.99,30.81,31.7,31.64,0.06,0.1896,132655.27,421994.219
322,300663.SZ,20200831,31.28,33.15,31.15,31.64,30.24,1.4,4.6296,182866.29,588327.603
323,300663.SZ,20200828,29.1,30.27,28.77,30.24,29.17,1.07,3.6682,73803.56,219164.632
324,300663.SZ,20200827,29.23,29.75,28.5,29.17,29.5,-0.33,-1.1186,66852.96,194684.916
325,300663.SZ,20200826,30.91,30.91,29.19,29.5,30.96,-1.46,-4.7158,109329.47,327662.373
326,300663.SZ,20200825,30.0,31.48,29.89,30.96,30.2,0.76,2.5166,149700.77,456937.469
327,300663.SZ,20200824,28.6,30.77,28.33,30.2,29.0,1.2,4.1379,100712.74,302122.427
328,300663.SZ,20200821,30.0,30.26,28.98,29.0,29.66,-0.66,-2.2252,67626.17,198625.491
329,300663.SZ,20200820,29.02,30.59,28.9,29.66,29.6,0.06,0.2027,64443.75,193242.125
330,300663.SZ,20200819,30.74,30.75,29.51,29.6,30.94,-1.34,-4.331,66427.95,198525.695
331,300663.SZ,20200818,31.1,31.75,30.73,30.94,31.34,-0.4,-1.2763,72322.82,225599.215
332,300663.SZ,20200817,30.6,31.58,30.6,31.34,30.12,1.22,4.0505,93084.71,290169.494
333,300663.SZ,20200814,28.61,30.24,28.47,30.12,28.9,1.22,4.2215,81690.85,242279.512
334,300663.SZ,20200813,29.11,29.5,28.65,28.9,29.03,-0.13,-0.4478,51243.61,148297.756
335,300663.SZ,20200812,29.51,30.08,28.12,29.03,29.92,-0.89,-2.9746,95052.25,274285.844
336,300663.SZ,20200811,31.72,32.2,29.89,29.92,31.99,-2.07,-6.4708,137873.86,424218.804
337,300663.SZ,20200810,33.0,33.38,31.62,31.99,33.16,-1.17,-3.5283,97403.38,314259.852
338,300663.SZ,20200807,34.3,34.4,31.66,33.16,35.18,-2.02,-5.7419,140300.16,465146.415
339,300663.SZ,20200806,33.99,35.41,33.55,35.18,33.84,1.34,3.9598,170952.98,592231.326
340,300663.SZ,20200805,34.0,34.57,33.3,33.84,33.45,0.39,1.1659,123603.8,418711.494
341,300663.SZ,20200804,34.3,35.43,33.13,33.45,33.45,0.0,0.0,172347.99,592149.816
342,300663.SZ,20200803,32.3,33.66,32.21,33.45,32.28,1.17,3.6245,147877.0,490688.544
343,300663.SZ,20200731,32.08,33.0,31.3,32.28,31.75,0.53,1.6693,96306.13,311415.002
344,300663.SZ,20200730,33.23,33.28,31.75,31.75,33.29,-1.54,-4.626,116804.76,377988.498
345,300663.SZ,20200729,32.0,33.53,31.88,33.29,32.74,0.55,1.6799,126569.73,417363.899
346,300663.SZ,20200728,32.5,33.58,31.85,32.74,31.44,1.3,4.1349,114464.4,373793.64
347,300663.SZ,20200727,31.72,32.58,31.01,31.44,30.96,0.48,1.5504,90490.53,286822.839
348,300663.SZ,20200724,33.87,34.6,30.78,30.96,34.09,-3.13,-9.1816,167917.55,545398.015
349,300663.SZ,20200723,34.6,35.5,33.15,34.09,36.03,-1.94,-5.3844,216277.11,743228.166
350,300663.SZ,20200722,32.0,36.5,31.5,36.03,33.18,2.85,8.5895,327092.73,1118103.966
351,300663.SZ,20200721,34.76,34.76,32.81,33.18,31.6,1.58,5.0,275727.25,928001.195
352,300663.SZ,20200720,31.7,31.96,30.36,31.6,31.27,0.33,1.0553,132668.94,413670.324
353,300663.SZ,20200717,32.15,32.9,30.83,31.27,32.0,-0.73,-2.2813,148696.03,471719.059
354,300663.SZ,20200716,34.98,35.92,31.5,32.0,34.68,-2.68,-7.7278,171399.06,582129.457
355,300663.SZ,20200715,37.2,37.89,33.98,34.7,37.5,-2.8,-7.4667,194439.83,691965.588
356,300663.SZ,20200714,36.0,38.85,34.7,37.5,36.11,1.39,3.8493,231235.03,851272.908
357,300663.SZ,20200713,35.18,38.34,35.18,36.11,34.85,1.26,3.6155,291905.88,1080869.293
358,300663.SZ,20200710,36.0,37.5,34.2,34.85,36.0,-1.15,-3.1944,229601.51,814805.901
359,300663.SZ,20200709,32.3,36.0,32.28,36.0,32.73,3.27,9.9908,207261.05,734724.745
360,300663.SZ,20200708,29.85,33.28,29.82,32.73,30.26,2.47,8.1626,233096.02,748892.109
361,300663.SZ,20200707,30.3,32.49,28.71,30.26,30.5,-0.24,-0.7869,275900.07,843273.029
362,300663.SZ,20200706,28.1,30.98,28.1,30.5,28.37,2.13,7.5079,198390.5,591579.157
363,300663.SZ,20200703,27.98,28.78,27.66,28.37,28.23,0.14,0.4959,165710.02,467115.459
364,300663.SZ,20200702,27.25,28.9,26.65,28.23,27.19,1.04,3.8249,185809.82,514599.569
365,300663.SZ,20200701,27.59,27.81,26.65,27.19,27.71,-0.52,-1.8766,173915.41,472255.074
366,300663.SZ,20200630,25.46,27.71,25.24,27.71,25.19,2.52,10.004,211096.15,569393.032
367,300663.SZ,20200629,26.63,27.0,25.0,25.19,26.16,-0.97,-3.708,127550.29,328816.336
368,300663.SZ,20200624,26.82,27.41,25.9,26.16,27.02,-0.86,-3.1828,139123.93,369970.718
369,300663.SZ,20200623,26.2,28.5,26.2,27.02,25.92,1.1,4.2438,218678.78,593805.409
370,300663.SZ,20200622,26.0,26.4,25.5,25.92,25.71,0.21,0.8168,134642.8,348925.917
371,300663.SZ,20200619,25.7,26.27,25.03,25.71,25.57,0.14,0.5475,128050.6,329071.919
372,300663.SZ,20200618,25.37,26.0,24.42,25.57,26.05,-0.48,-1.8426,201357.75,507190.473
373,300663.SZ,20200617,24.49,26.36,24.21,26.05,23.96,2.09,8.7229,361835.06,927840.971
374,300663.SZ,20200616,21.98,23.96,21.86,23.96,21.78,2.18,10.0092,160837.71,366334.303
375,300663.SZ,20200615,22.38,22.46,21.7,21.78,22.35,-0.57,-2.5503,64938.64,143857.089
376,300663.SZ,20200612,21.5,22.54,21.5,22.35,22.12,0.23,1.0398,85184.6,189330.065
377,300663.SZ,20200611,22.01,22.55,22.01,22.12,22.0,0.12,0.5455,58724.27,130948.295
378,300663.SZ,20200610,22.05,22.2,21.83,22.0,22.22,-0.22,-0.9901,25317.54,55734.623
379,300663.SZ,20200609,22.05,22.36,21.72,22.22,21.91,0.31,1.4149,36836.21,80952.277
380,300663.SZ,20200608,21.39,22.14,21.39,21.91,21.38,0.53,2.479,50351.25,110336.717
381,300663.SZ,20200605,21.14,21.42,20.99,21.38,21.17,0.21,0.992,34881.36,74186.064
382,300663.SZ,20200604,21.79,21.79,21.05,21.17,21.99,-0.82,-3.729,71545.55,152165.985
383,300663.SZ,20200603,22.5,22.51,21.98,21.99,22.12,-0.13,-0.5877,40550.73,89925.927
384,300663.SZ,20200602,22.25,22.48,22.03,22.12,22.3,-0.18,-0.8072,34474.78,76463.935
385,300663.SZ,20200601,21.92,22.43,21.82,22.3,21.47,0.83,3.8659,51014.03,113016.625
386,300663.SZ,20200529,21.59,21.78,21.42,21.47,21.68,-0.21,-0.9686,20541.16,44374.815
387,300663.SZ,20200528,21.6,21.83,21.1,21.68,21.56,0.12,0.5566,28232.13,60647.445
388,300663.SZ,20200527,22.16,22.21,21.5,21.56,22.16,-0.6,-2.7076,29780.26,64801.967
389,300663.SZ,20200526,22.07,22.38,22.01,22.16,21.93,0.23,1.0488,27923.82,61850.438
390,300663.SZ,20200525,21.7,22.15,21.41,21.93,21.64,0.29,1.3401,24617.24,53633.391
391,300663.SZ,20200522,22.25,22.25,21.4,21.64,22.14,-0.5,-2.2584,36816.53,80001.319
392,300663.SZ,20200521,22.64,22.8,21.97,22.14,22.54,-0.4,-1.7746,34349.33,76552.374
393,300663.SZ,20200520,22.81,22.93,22.46,22.54,23.0,-0.46,-2.0,38645.8,87410.639
394,300663.SZ,20200519,23.22,23.24,22.81,23.0,22.9,0.1,0.4367,35849.37,82376.732
395,300663.SZ,20200518,23.85,24.18,22.88,22.9,24.09,-1.19,-4.9398,71294.52,165372.79
396,300663.SZ,20200515,24.22,24.45,24.01,24.09,24.13,-0.04,-0.1658,48832.88,118342.967
397,300663.SZ,20200514,24.2,24.85,23.9,24.13,24.51,-0.38,-1.5504,63475.78,154605.31
398,300663.SZ,20200513,23.79,24.58,23.63,24.51,23.95,0.56,2.3382,66424.56,160897.849
399,300663.SZ,20200512,24.05,24.27,23.42,23.95,24.27,-0.32,-1.3185,51251.77,121803.78
400,300663.SZ,20200511,24.29,24.65,23.91,24.27,24.28,-0.01,-0.0412,65926.08,160062.558
401,300663.SZ,20200508,23.73,24.38,23.61,24.28,23.28,1.0,4.2955,104357.94,251877.637
402,300663.SZ,20200507,23.96,24.03,23.23,23.28,23.88,-0.6,-2.5126,63719.0,149925.378
403,300663.SZ,20200506,23.04,23.99,23.04,23.88,23.44,0.44,1.8771,69349.76,163675.631
404,300663.SZ,20200430,23.05,23.7,22.89,23.44,22.73,0.71,3.1236,61266.26,143019.792
405,300663.SZ,20200429,22.95,23.38,22.71,22.73,22.98,-0.25,-1.0879,43310.03,99682.451
406,300663.SZ,20200428,23.55,23.92,21.96,22.98,23.93,-0.95,-3.9699,91464.38,209403.099
407,300663.SZ,20200427,24.26,24.8,23.82,23.93,23.96,-0.03,-0.1252,73046.23,177253.147
408,300663.SZ,20200424,24.99,25.12,23.89,23.96,25.63,-1.67,-6.5158,118374.8,290579.08
409,300663.SZ,20200423,24.05,26.02,23.78,25.63,24.23,1.4,5.778,186678.1,466477.043
410,300663.SZ,20200422,23.51,24.5,23.45,24.23,23.96,0.27,1.1269,91751.79,220748.124
411,300663.SZ,20200421,24.01,24.57,23.42,23.96,24.39,-0.43,-1.763,89498.94,215214.266
412,300663.SZ,20200420,23.35,24.68,23.14,24.39,23.74,0.65,2.738,126538.98,305046.733
413,300663.SZ,20200417,24.9,25.2,23.63,23.74,24.51,-0.77,-3.1416,174867.26,427942.564
414,300663.SZ,20200416,23.0,24.82,22.72,24.51,22.6,1.91,8.4513,177140.72,420913.187
415,300663.SZ,20200415,22.71,23.75,22.46,22.6,22.1,0.5,2.2624,83962.36,193191.589
416,300663.SZ,20200414,21.77,22.17,21.6,22.1,21.51,0.59,2.7429,37810.57,82755.931
417,300663.SZ,20200413,22.05,22.05,21.38,21.51,22.16,-0.65,-2.9332,39210.2,84646.236
418,300663.SZ,20200410,23.05,23.12,21.88,22.16,23.22,-1.06,-4.565,76532.2,171452.136
419,300663.SZ,20200409,23.05,23.88,22.85,23.22,22.82,0.4,1.7528,92097.36,215650.221
420,300663.SZ,20200408,23.76,23.95,22.75,22.82,23.05,-0.23,-0.9978,123705.22,288363.159
421,300663.SZ,20200407,21.8,23.05,21.8,23.05,20.95,2.1,10.0239,41866.62,94465.954
422,300663.SZ,20200403,21.25,21.45,20.86,20.95,21.42,-0.47,-2.1942,31422.04,66363.971
423,300663.SZ,20200402,20.6,21.5,20.44,21.42,20.65,0.77,3.7288,40602.72,85074.995
424,300663.SZ,20200401,20.72,21.1,20.57,20.65,20.72,-0.07,-0.3378,29886.72,62320.387
425,300663.SZ,20200331,21.12,21.16,20.67,20.72,20.86,-0.14,-0.6711,29709.87,62131.149
426,300663.SZ,20200330,21.05,21.28,20.63,20.86,21.62,-0.76,-3.5153,42345.15,88247.092
427,300663.SZ,20200327,22.36,22.62,21.5,21.62,22.15,-0.53,-2.3928,41929.51,92315.355
428,300663.SZ,20200326,22.1,22.59,21.97,22.15,22.31,-0.16,-0.7172,53306.33,118954.911
429,300663.SZ,20200325,22.48,22.6,22.02,22.31,21.93,0.38,1.7328,60505.1,135081.803
430,300663.SZ,20200324,21.45,22.3,21.07,21.93,20.95,0.98,4.6778,72695.41,157098.669
431,300663.SZ,20200323,21.48,21.77,20.81,20.95,22.17,-1.22,-5.5029,54989.79,117134.235
432,300663.SZ,20200320,22.5,22.69,21.76,22.17,22.0,0.17,0.7727,59804.15,132435.627
433,300663.SZ,20200319,21.56,22.13,21.01,22.0,21.55,0.45,2.0882,69553.54,150277.891
434,300663.SZ,20200318,22.22,22.58,21.48,21.55,21.9,-0.35,-1.5982,67451.46,149222.828
435,300663.SZ,20200317,22.11,22.8,21.1,21.9,21.98,-0.08,-0.364,68490.48,149950.04
436,300663.SZ,20200316,24.2,24.25,21.8,21.98,23.66,-1.68,-7.1006,72976.62,167927.848
437,300663.SZ,20200313,22.96,23.97,22.71,23.66,24.26,-0.6,-2.4732,68969.23,160749.584
438,300663.SZ,20200312,24.13,24.75,24.11,24.26,24.8,-0.54,-2.1774,52556.79,128096.247
439,300663.SZ,20200311,25.94,25.96,24.8,24.8,25.59,-0.79,-3.0871,70434.59,178590.756
440,300663.SZ,20200310,24.05,25.59,24.05,25.59,24.38,1.21,4.9631,85966.68,213991.051
441,300663.SZ,20200309,25.67,25.9,24.2,24.38,26.51,-2.13,-8.0347,114197.21,284636.461
442,300663.SZ,20200306,26.66,27.18,26.43,26.51,27.26,-0.75,-2.7513,76202.27,203365.009
443,300663.SZ,20200305,27.8,27.98,26.88,27.26,27.24,0.02,0.0734,106398.04,290853.854
444,300663.SZ,20200304,26.68,27.54,26.3,27.24,26.74,0.5,1.8699,99017.12,267770.992
445,300663.SZ,20200303,26.98,27.94,26.35,26.74,26.22,0.52,1.9832,115105.81,312170.63
446,300663.SZ,20200302,25.85,26.5,25.3,26.22,25.06,1.16,4.6289,95359.57,246942.232
447,300663.SZ,20200228,26.1,26.9,25.06,25.06,27.84,-2.78,-9.9856,135026.54,351835.961
448,300663.SZ,20200227,27.73,28.6,26.71,27.84,27.29,0.55,2.0154,141732.09,394777.899
449,300663.SZ,20200226,28.6,28.98,27.01,27.29,29.21,-1.92,-6.5731,162981.35,457073.356
450,300663.SZ,20200225,28.01,29.38,27.2,29.21,30.17,-0.96,-3.182,284315.26,815013.357
451,300663.SZ,20200224,29.55,32.01,28.81,30.17,29.44,0.73,2.4796,374739.57,1152306.492
452,300663.SZ,20200221,26.76,29.44,26.41,29.44,26.76,2.68,10.0149,226859.18,636073.609
453,300663.SZ,20200220,25.49,27.4,25.17,26.76,25.27,1.49,5.8963,194560.94,512170.984
454,300663.SZ,20200219,25.99,25.99,25.23,25.27,25.96,-0.69,-2.6579,108474.36,277102.267
455,300663.SZ,20200218,25.36,25.98,25.13,25.96,25.36,0.6,2.3659,117583.7,301929.103
456,300663.SZ,20200217,25.27,25.6,24.81,25.36,24.47,0.89,3.6371,120239.52,303360.779
457,300663.SZ,20200214,24.0,25.23,24.0,24.47,24.45,0.02,0.0818,101164.21,248330.055
458,300663.SZ,20200213,24.3,24.96,23.97,24.45,24.3,0.15,0.6173,102424.21,250031.631
459,300663.SZ,20200212,23.57,24.79,23.35,24.3,23.42,0.88,3.7575,103729.18,250889.333
460,300663.SZ,20200211,23.65,23.98,23.36,23.42,23.86,-0.44,-1.8441,59543.64,140469.31
461,300663.SZ,20200210,23.31,24.3,23.31,23.86,23.6,0.26,1.1017,92711.23,221451.504
462,300663.SZ,20200207,23.4,24.26,22.83,23.6,22.86,0.74,3.2371,106811.16,250652.217
463,300663.SZ,20200206,21.96,23.0,21.51,22.86,21.61,1.25,5.7844,104607.95,234560.314
464,300663.SZ,20200205,21.59,22.23,21.35,21.61,21.28,0.33,1.5508,83103.1,181246.97
465,300663.SZ,20200204,20.57,22.18,20.57,21.28,22.86,-1.58,-6.9116,124547.88,266160.572
466,300663.SZ,20200203,22.86,22.86,22.86,22.86,25.4,-2.54,-10.0,6935.0,15853.41
467,300663.SZ,20200123,25.96,26.6,24.87,25.4,26.02,-0.62,-2.3828,66101.32,170766.674
468,300663.SZ,20200122,25.71,26.19,25.35,26.02,25.9,0.12,0.4633,52210.94,135012.395
469,300663.SZ,20200121,26.8,26.8,25.84,25.9,26.87,-0.97,-3.61,73413.36,192453.267
470,300663.SZ,20200120,27.4,27.43,26.4,26.87,27.54,-0.67,-2.4328,90392.46,242322.771
471,300663.SZ,20200117,27.51,28.22,27.39,27.54,27.45,0.09,0.3279,88938.05,246944.007
472,300663.SZ,20200116,27.61,27.85,27.36,27.45,27.89,-0.44,-1.5776,85186.72,234952.471
473,300663.SZ,20200115,27.26,28.28,27.16,27.89,27.24,0.65,2.3862,142046.31,396163.173
474,300663.SZ,20200114,27.45,27.6,27.03,27.24,27.24,0.0,0.0,68544.09,186827.009
475,300663.SZ,20200113,26.8,27.27,26.52,27.24,27.0,0.24,0.8889,70438.19,189480.97
476,300663.SZ,20200110,27.51,27.68,26.8,27.0,27.49,-0.49,-1.7825,79659.65,216199.055
477,300663.SZ,20200109,27.12,27.99,27.12,27.49,26.69,0.8,2.9974,112519.53,310612.974
478,300663.SZ,20200108,27.0,27.9,26.66,26.69,27.35,-0.66,-2.4132,107395.2,291756.165
479,300663.SZ,20200107,26.79,27.49,26.51,27.35,26.39,0.96,3.6377,124468.05,336950.698
480,300663.SZ,20200106,25.86,26.72,25.75,26.39,26.29,0.1,0.3804,81570.5,214591.264
481,300663.SZ,20200103,26.3,26.45,25.8,26.29,26.31,-0.02,-0.076,71035.45,185835.018
482,300663.SZ,20200102,25.85,26.32,25.66,26.31,25.49,0.82,3.2169,81889.74,213595.463
483,300663.SZ,20191231,25.61,26.08,25.46,25.49,25.59,-0.1,-0.3908,49289.22,126575.997
484,300663.SZ,20191230,24.9,25.9,24.35,25.59,25.32,0.27,1.0664,60842.65,153949.698
485,300663.SZ,20191227,26.04,26.04,25.3,25.32,25.89,-0.57,-2.2016,58317.12,149595.238
486,300663.SZ,20191226,26.09,26.13,25.51,25.89,26.14,-0.25,-0.9564,61711.26,158851.87
487,300663.SZ,20191225,25.78,26.24,25.63,26.14,25.68,0.46,1.7913,62431.85,162154.238
488,300663.SZ,20191224,25.48,25.88,25.38,25.68,25.43,0.25,0.9831,52372.68,133719.584
489,300663.SZ,20191223,26.67,26.71,25.31,25.43,26.71,-1.28,-4.7922,78130.98,203194.468
490,300663.SZ,20191220,27.8,27.8,26.7,26.71,27.61,-0.9,-3.2597,80302.56,218443.479
491,300663.SZ,20191219,27.89,28.26,27.5,27.61,27.8,-0.19,-0.6835,67925.87,188895.365
492,300663.SZ,20191218,28.06,28.5,27.7,27.8,28.17,-0.37,-1.3135,98253.55,275571.214
493,300663.SZ,20191217,27.82,29.3,27.76,28.17,27.93,0.24,0.8593,145475.92,413319.328
494,300663.SZ,20191216,27.8,28.28,27.18,27.93,27.67,0.26,0.9396,116743.43,323645.422
495,300663.SZ,20191213,27.0,28.18,26.66,27.67,26.47,1.2,4.5334,144971.67,397158.558
496,300663.SZ,20191212,26.95,27.01,26.41,26.47,26.58,-0.11,-0.4138,66151.22,176699.865
497,300663.SZ,20191211,26.45,27.13,26.32,26.58,26.43,0.15,0.5675,70588.9,188944.928
498,300663.SZ,20191210,26.15,26.58,25.95,26.43,26.27,0.16,0.6091,63253.7,166087.395
499,300663.SZ,20191209,25.86,26.64,25.71,26.27,25.81,0.46,1.7823,75485.1,198140.285
500,300663.SZ,20191206,25.8,25.93,25.4,25.81,25.71,0.1,0.389,52908.95,136039.012
501,300663.SZ,20191205,25.49,25.96,25.46,25.71,25.41,0.3,1.1806,61099.12,156976.171
502,300663.SZ,20191204,25.59,25.65,25.22,25.41,25.67,-0.26,-1.0129,35135.68,89201.581
503,300663.SZ,20191203,25.19,25.72,24.91,25.67,25.35,0.32,1.2623,51366.46,130699.989
504,300663.SZ,20191202,25.15,25.89,24.93,25.35,24.94,0.41,1.6439,59472.54,151486.56
505,300663.SZ,20191129,24.86,25.18,24.68,24.94,24.74,0.2,0.8084,34388.99,85752.316
506,300663.SZ,20191128,24.69,25.05,24.65,24.74,24.97,-0.23,-0.9211,33018.5,81942.916
507,300663.SZ,20191127,24.65,25.7,24.27,24.97,24.52,0.45,1.8352,62068.33,155169.198
508,300663.SZ,20191126,24.61,24.9,24.42,24.52,24.53,-0.01,-0.0408,34819.9,85771.619
509,300663.SZ,20191125,25.56,25.75,24.51,24.53,25.69,-1.16,-4.5154,65314.62,162247.991
510,300663.SZ,20191122,26.77,27.1,25.3,25.69,26.81,-1.12,-4.1775,83050.21,217496.666
511,300663.SZ,20191121,26.7,27.13,26.61,26.81,27.07,-0.26,-0.9605,45592.66,122291.848
512,300663.SZ,20191120,27.86,27.86,26.99,27.07,27.64,-0.57,-2.0622,74652.98,204725.892
513,300663.SZ,20191119,27.18,27.7,27.1,27.64,27.32,0.32,1.1713,69531.88,191244.2
514,300663.SZ,20191118,27.1,27.56,26.76,27.32,26.99,0.33,1.2227,54642.52,148714.187
515,300663.SZ,20191115,26.8,27.74,26.68,26.99,27.1,-0.11,-0.4059,68011.59,184547.917
516,300663.SZ,20191114,26.98,27.22,26.76,27.1,26.7,0.4,1.4981,53273.41,144034.469
517,300663.SZ,20191113,27.0,27.2,26.55,26.7,27.13,-0.43,-1.585,53946.27,144723.0
518,300663.SZ,20191112,27.15,27.31,26.5,27.13,27.23,-0.1,-0.3672,62461.31,167909.374
519,300663.SZ,20191111,27.56,27.89,27.1,27.23,28.09,-0.86,-3.0616,69264.62,190033.278
520,300663.SZ,20191108,29.27,29.38,28.09,28.09,28.16,-0.07,-0.2486,96919.11,278485.325
521,300663.SZ,20191107,27.62,28.42,27.62,28.16,27.71,0.45,1.624,80421.76,226224.67
522,300663.SZ,20191106,28.03,28.35,27.38,27.71,28.42,-0.71,-2.4982,82225.01,228625.097
523,300663.SZ,20191105,27.75,28.75,27.6,28.42,27.51,0.91,3.3079,108440.97,305822.34
524,300663.SZ,20191104,27.68,28.28,27.47,27.51,27.49,0.02,0.0728,68896.83,191883.842
525,300663.SZ,20191101,27.02,27.77,26.97,27.49,27.22,0.27,0.9919,67339.0,184688.433
526,300663.SZ,20191031,28.19,28.28,27.02,27.22,28.02,-0.8,-2.8551,103297.87,284967.306
527,300663.SZ,20191030,28.5,28.99,27.86,28.02,29.4,-1.38,-4.6939,145891.7,414261.793
528,300663.SZ,20191029,34.33,34.33,29.4,29.4,32.03,-2.63,-8.2111,347663.78,1109863.486
529,300663.SZ,20191028,32.03,32.03,32.03,32.03,29.12,2.91,9.9931,42675.01,136688.057
530,300663.SZ,20191025,28.89,29.66,28.62,29.12,29.36,-0.24,-0.8174,125956.5,366612.072
531,300663.SZ,20191024,28.0,30.28,27.9,29.36,27.97,1.39,4.9696,189103.3,551095.872
532,300663.SZ,20191023,28.6,28.77,27.9,27.97,28.53,-0.56,-1.9628,73688.16,208305.764
533,300663.SZ,20191022,27.5,28.53,27.48,28.53,27.64,0.89,3.22,107014.01,301529.687
534,300663.SZ,20191021,27.17,27.87,26.25,27.64,27.09,0.55,2.0303,87328.76,238385.267
535,300663.SZ,20191018,28.0,28.33,26.5,27.09,27.88,-0.79,-2.8336,87502.09,240138.085
536,300663.SZ,20191017,27.91,28.47,27.8,27.88,28.09,-0.21,-0.7476,54254.62,152342.424
537,300663.SZ,20191016,28.0,28.7,28.0,28.09,27.89,0.2,0.7171,74668.28,211131.736
538,300663.SZ,20191015,29.44,29.45,27.73,27.89,29.86,-1.97,-6.5975,131459.57,371798.528
539,300663.SZ,20191014,29.98,30.39,29.3,29.86,29.56,0.3,1.0149,145081.98,433990.362
540,300663.SZ,20191011,28.45,30.5,28.1,29.56,28.51,1.05,3.6829,199515.28,584424.513
541,300663.SZ,20191010,28.4,28.65,28.03,28.51,28.35,0.16,0.5644,116682.49,331156.278
542,300663.SZ,20191009,27.51,28.35,27.41,28.35,27.66,0.69,2.4946,91735.04,256904.997
543,300663.SZ,20191008,28.39,28.58,27.4,27.66,27.9,-0.24,-0.8602,96417.53,269982.003
544,300663.SZ,20190930,29.4,29.5,27.88,27.9,28.9,-1.0,-3.4602,108528.95,309769.72
545,300663.SZ,20190927,28.3,29.38,28.14,28.9,27.81,1.09,3.9195,168242.45,484092.749
546,300663.SZ,20190926,29.69,30.05,27.7,27.81,30.7,-2.89,-9.4137,216930.9,621354.684
547,300663.SZ,20190925,31.06,31.36,30.51,30.7,31.57,-0.87,-2.7558,133776.83,412939.273
548,300663.SZ,20190924,30.9,31.93,30.4,31.57,31.2,0.37,1.1859,223794.87,697545.907
549,300663.SZ,20190923,33.0,33.0,31.2,31.2,34.67,-3.47,-10.0087,235320.38,746458.754
550,300663.SZ,20190920,34.7,35.16,34.0,34.67,34.6,0.07,0.2023,127540.56,440714.77
551,300663.SZ,20190919,34.79,35.18,33.73,34.6,34.5,0.1,0.2899,174904.76,601099.169
552,300663.SZ,20190918,36.52,36.84,34.35,34.5,36.52,-2.02,-5.5312,177866.24,625539.21
553,300663.SZ,20190917,37.48,38.0,35.52,36.52,38.18,-1.66,-4.3478,192042.09,704087.182
554,300663.SZ,20190916,37.36,39.44,37.0,38.18,36.71,1.47,4.0044,216219.72,831203.86
555,300663.SZ,20190912,36.08,37.86,35.6,36.71,35.9,0.81,2.2563,229533.0,844327.507
556,300663.SZ,20190911,37.8,37.8,35.8,35.9,37.55,-1.65,-4.3941,199338.94,727085.19
557,300663.SZ,20190910,36.01,39.6,35.41,37.55,36.04,1.51,4.1898,342309.71,1273181.167
558,300663.SZ,20190909,35.6,36.7,34.7,36.04,34.38,1.66,4.8284,266227.39,952084.849
559,300663.SZ,20190906,36.2,37.42,33.7,34.38,34.98,-0.6,-1.7153,400338.88,1435776.317
560,300663.SZ,20190905,33.0,34.98,33.0,34.98,31.8,3.18,10.0,280903.43,968711.295
561,300663.SZ,20190904,30.5,31.8,30.28,31.8,30.7,1.1,3.5831,248487.8,775490.205
562,300663.SZ,20190903,30.85,31.5,30.04,30.7,30.5,0.2,0.6557,209867.41,643923.811
563,300663.SZ,20190902,29.03,30.76,28.72,30.5,29.02,1.48,5.0999,194060.21,580477.135
564,300663.SZ,20190830,30.5,31.66,28.69,29.02,30.53,-1.51,-4.946,224960.57,680926.361
565,300663.SZ,20190829,29.62,31.98,29.26,30.53,29.76,0.77,2.5874,263231.57,811359.373
566,300663.SZ,20190828,29.15,30.24,28.65,29.76,29.18,0.58,1.9877,173204.4,513045.733
567,300663.SZ,20190827,28.99,29.98,28.65,29.18,28.66,0.52,1.8144,138935.63,406586.095
568,300663.SZ,20190826,27.66,29.15,27.66,28.66,29.39,-0.73,-2.4838,119114.22,340584.554
569,300663.SZ,20190823,30.22,31.06,29.2,29.39,29.35,0.04,0.1363,185448.56,559999.627
570,300663.SZ,20190822,29.96,29.97,29.0,29.35,29.98,-0.63,-2.1014,129215.45,379854.843
571,300663.SZ,20190821,30.86,30.98,29.8,29.98,30.05,-0.07,-0.2329,146338.1,442090.343
572,300663.SZ,20190820,30.39,31.69,29.78,30.05,30.63,-0.58,-1.8936,237159.29,727860.766
573,300663.SZ,20190819,29.1,31.5,29.1,30.63,28.66,1.97,6.8737,268214.69,814520.417
574,300663.SZ,20190816,28.99,30.0,28.5,28.66,29.32,-0.66,-2.251,225131.75,657325.136
575,300663.SZ,20190815,26.48,30.2,26.16,29.32,28.11,1.21,4.3045,258778.83,734860.44
576,300663.SZ,20190814,28.43,28.68,27.77,28.11,27.97,0.14,0.5005,194147.96,548842.029
577,300663.SZ,20190813,28.5,28.98,27.16,27.97,29.65,-1.68,-5.6661,292386.73,822859.168
578,300663.SZ,20190812,27.5,29.65,27.5,29.65,26.95,2.7,10.0186,327637.96,954568.267
579,300663.SZ,20190809,24.9,26.95,24.07,26.95,24.5,2.45,10.0,210056.36,549015.617
580,300663.SZ,20190808,24.21,25.04,24.21,24.5,23.99,0.51,2.1259,90269.13,222755.966
581,300663.SZ,20190807,24.8,25.09,23.91,23.99,24.8,-0.81,-3.2661,72891.02,178091.884
582,300663.SZ,20190806,24.99,25.34,23.45,24.8,25.43,-0.63,-2.4774,115959.15,282674.842
583,300663.SZ,20190805,25.36,26.3,25.2,25.43,25.18,0.25,0.9929,94869.88,244828.562
584,300663.SZ,20190802,25.0,25.65,24.51,25.18,26.36,-1.18,-4.4765,102430.64,257611.775
585,300663.SZ,20190801,26.2,26.9,26.2,26.36,26.72,-0.36,-1.3473,56497.39,149840.716
586,300663.SZ,20190731,27.2,27.21,26.65,26.72,27.31,-0.59,-2.1604,61094.97,163831.009
587,300663.SZ,20190730,27.0,27.98,26.98,27.31,27.0,0.31,1.1481,82373.62,226980.616
588,300663.SZ,20190729,27.58,27.69,26.86,27.0,27.41,-0.41,-1.4958,56132.16,152374.162
589,300663.SZ,20190726,28.0,28.09,27.21,27.41,27.81,-0.4,-1.4383,66401.56,183345.759
590,300663.SZ,20190725,28.1,28.36,27.57,27.81,27.86,-0.05,-0.1795,76796.96,214326.625
591,300663.SZ,20190724,27.6,28.64,27.38,27.86,27.31,0.55,2.0139,111176.94,312405.423
592,300663.SZ,20190723,26.66,27.39,26.66,27.31,26.61,0.7,2.6306,79151.81,213701.097
593,300663.SZ,20190722,28.3,28.3,26.5,26.61,28.02,-1.41,-5.0321,93819.12,253701.751
594,300663.SZ,20190719,28.14,28.84,27.77,28.02,27.75,0.27,0.973,95603.91,270319.36
595,300663.SZ,20190718,27.78,28.13,27.36,27.75,28.17,-0.42,-1.4909,85025.69,235133.212
596,300663.SZ,20190717,28.4,29.2,28.15,28.17,28.78,-0.61,-2.1195,98456.88,281697.908
597,300663.SZ,20190716,29.0,29.49,28.78,28.78,29.63,-0.85,-2.8687,119037.99,345436.599
598,300663.SZ,20190715,27.33,30.75,26.83,29.63,28.03,1.6,5.7082,201789.18,591218.947
599,300663.SZ,20190712,28.0,28.19,26.72,28.03,27.85,0.18,0.6463,116299.01,322327.896
600,300663.SZ,20190711,28.7,29.23,27.5,27.85,28.37,-0.52,-1.8329,130171.55,369375.523
601,300663.SZ,20190710,28.76,29.17,27.9,28.37,28.52,-0.15,-0.5259,113256.42,324063.782
602,300663.SZ,20190709,28.2,28.8,27.71,28.52,27.91,0.61,2.1856,120492.26,341424.376
603,300663.SZ,20190708,29.99,30.0,27.29,27.91,29.84,-1.93,-6.4678,143419.04,404209.245
604,300663.SZ,20190705,29.88,30.2,29.25,29.84,29.67,0.17,0.573,106045.94,316005.606
605,300663.SZ,20190704,31.05,31.29,29.49,29.67,30.9,-1.23,-3.9806,143653.45,432470.559
606,300663.SZ,20190703,31.2,31.93,30.05,30.9,31.2,-0.3,-0.9615,156727.39,482003.369
607,300663.SZ,20190702,31.28,33.28,31.0,31.2,31.62,-0.42,-1.3283,199781.23,639434.303
608,300663.SZ,20190701,31.88,33.19,31.3,31.62,30.77,0.85,2.7624,243105.23,781936.234
609,300663.SZ,20190628,30.21,31.25,29.6,30.77,32.56,-1.79,-5.4975,228552.15,696766.465
610,300663.SZ,20190627,33.74,34.88,32.2,32.56,32.5,0.06,0.1846,298726.73,1004562.664
611,300663.SZ,20190626,32.79,35.44,32.24,32.5,35.66,-3.16,-8.8615,323782.13,1091082.573
612,300663.SZ,20190625,37.0,38.79,34.81,35.66,38.68,-3.02,-7.8077,451121.09,1651508.887
613,300663.SZ,20190624,38.68,38.68,35.3,38.68,35.16,3.52,10.0114,552778.54,2106694.217
614,300663.SZ,20190621,34.01,35.16,32.62,35.16,31.96,3.2,10.0125,242716.81,837446.749
615,300663.SZ,20190620,29.05,31.96,27.6,31.96,29.05,2.91,10.0172,434682.62,1323819.007
616,300663.SZ,20190619,29.05,29.05,29.05,29.05,26.41,2.64,9.9962,18685.87,54282.452
617,300663.SZ,20190618,24.44,26.41,23.91,26.41,24.01,2.4,9.9958,155373.2,402692.735
618,300663.SZ,20190617,24.19,24.47,23.1,24.01,24.0,0.01,0.0417,87550.79,209433.725
619,300663.SZ,20190614,25.29,25.68,23.88,24.0,25.03,-1.03,-4.1151,108140.36,269175.312
620,300663.SZ,20190613,25.13,25.88,24.8,25.03,24.91,0.12,0.4817,102898.5,260729.357
621,300663.SZ,20190612,25.7,26.33,24.72,24.91,25.9,-0.99,-3.8224,130776.56,332942.691
622,300663.SZ,20190611,24.28,26.58,23.5,25.9,24.16,1.74,7.202,171004.57,433801.724
623,300663.SZ,20190610,25.02,25.36,23.05,24.16,25.36,-1.2,-4.7319,135937.02,326183.217
624,300663.SZ,20190606,25.1,26.39,25.05,25.36,25.31,0.05,0.1976,119208.95,306865.893
625,300663.SZ,20190605,27.83,27.93,25.31,25.31,27.39,-2.08,-7.594,141177.16,375317.062
626,300663.SZ,20190604,28.5,28.58,26.81,27.39,28.95,-1.56,-5.3886,150869.17,414372.126
627,300663.SZ,20190603,28.5,29.45,28.21,28.95,28.89,0.06,0.2077,136253.44,393905.957
628,300663.SZ,20190531,29.39,30.43,28.66,28.89,29.2,-0.31,-1.0616,163425.75,482474.966
629,300663.SZ,20190530,29.27,30.08,28.35,29.2,29.82,-0.62,-2.0791,170682.22,498303.024
630,300663.SZ,20190529,28.15,31.03,27.68,29.82,29.0,0.82,2.8276,251542.23,739715.61
631,300663.SZ,20190528,28.56,30.19,28.27,29.0,27.98,1.02,3.6455,275435.91,805130.309
632,300663.SZ,20190527,25.44,27.98,25.03,27.98,25.44,2.54,9.9843,129473.69,345853.474
633,300663.SZ,20190524,37.34,39.7,37.16,38.19,38.03,0.16,0.4207,70616.59,272025.016
634,300663.SZ,20190523,40.38,40.71,37.51,38.03,41.18,-3.15,-7.6493,109960.58,431443.794
635,300663.SZ,20190522,39.73,42.17,39.0,41.18,39.19,1.99,5.0778,158620.47,640539.021
636,300663.SZ,20190521,39.35,39.98,37.0,39.19,38.81,0.38,0.9791,137708.87,534723.412
637,300663.SZ,20190520,35.79,38.81,35.4,38.81,35.28,3.53,10.0057,105717.02,396116.99
638,300663.SZ,20190517,38.83,39.46,34.68,35.28,38.52,-3.24,-8.4112,106296.1,396671.693
639,300663.SZ,20190516,39.62,40.2,37.81,38.52,39.9,-1.38,-3.4586,86665.13,335239.255
640,300663.SZ,20190515,39.84,40.28,38.21,39.9,39.03,0.87,2.2291,83497.45,328875.528
641,300663.SZ,20190514,38.3,40.4,38.3,39.03,38.93,0.1,0.2569,75289.02,297495.318
642,300663.SZ,20190513,39.8,40.94,38.55,38.93,41.01,-2.08,-5.0719,95781.65,379065.116
643,300663.SZ,20190510,39.36,41.18,36.15,41.01,37.6,3.41,9.0691,143847.33,567687.174
644,300663.SZ,20190509,38.17,39.79,37.2,37.6,37.5,0.1,0.2667,93392.41,359657.546
645,300663.SZ,20190508,36.5,39.99,36.03,37.5,37.04,0.46,1.2419,116921.63,445314.672
646,300663.SZ,20190507,35.5,37.5,34.59,37.04,37.6,-0.56,-1.4894,127904.61,460397.338
647,300663.SZ,20190506,38.31,39.16,37.6,37.6,41.78,-4.18,-10.0048,33157.0,125981.975
648,300663.SZ,20190430,45.27,46.5,41.78,41.78,46.42,-4.64,-9.9957,112038.16,485439.503
649,300663.SZ,20190429,45.42,48.5,45.3,46.42,45.3,1.12,2.4724,117790.21,551223.317
650,300663.SZ,20190426,45.09,47.44,45.09,45.3,45.35,-0.05,-0.1103,94759.53,437842.27
651,300663.SZ,20190425,49.0,49.5,45.35,45.35,48.62,-3.27,-6.7256,86486.16,410837.055
652,300663.SZ,20190424,48.24,49.5,46.39,48.62,48.5,0.12,0.2474,91403.97,439994.009
653,300663.SZ,20190423,49.02,51.2,47.33,48.5,50.07,-1.57,-3.1356,106053.79,521023.991
654,300663.SZ,20190422,52.11,52.98,49.57,50.07,53.48,-3.41,-6.3762,104109.91,528449.974
655,300663.SZ,20190419,52.3,55.0,50.82,53.48,51.3,2.18,4.2495,130777.67,694026.143
656,300663.SZ,20190418,52.83,53.19,49.49,51.3,53.03,-1.73,-3.2623,124890.56,640189.251
657,300663.SZ,20190417,51.52,54.98,51.52,53.03,52.24,0.79,1.5123,123318.4,657469.702
658,300663.SZ,20190416,50.37,53.49,48.91,52.24,53.13,-0.89,-1.6751,161443.44,820298.707
659,300663.SZ,20190415,60.02,60.87,53.13,53.13,59.03,-5.9,-9.9949,128336.82,722906.231
660,300663.SZ,20190412,60.88,65.1,55.01,59.03,59.18,-0.15,-0.2535,181304.39,1122715.526
661,300663.SZ,20190411,54.16,59.18,54.16,59.18,53.8,5.38,10.0,138509.61,790565.619
662,300663.SZ,20190410,54.04,59.72,51.5,53.8,55.48,-1.68,-3.0281,158996.11,892141.459
663,300663.SZ,20190409,48.51,55.48,48.0,55.48,50.44,5.04,9.9921,149713.85,809776.055
664,300663.SZ,20190408,45.24,50.44,45.24,50.44,45.85,4.59,10.0109,143915.82,693389.618
665,300663.SZ,20190404,44.89,49.58,43.51,45.85,46.84,-0.99,-2.1136,189522.14,879800.707
666,300663.SZ,20190403,44.38,46.84,42.01,46.84,42.58,4.26,10.0047,225675.24,1018544.581
667,300663.SZ,20190402,46.07,46.07,40.0,42.58,41.88,0.7,1.6714,158991.49,705996.829
668,300663.SZ,20190401,41.88,41.88,41.88,41.88,38.07,3.81,10.0079,26344.55,110330.975
669,300663.SZ,20190329,35.86,38.07,35.3,38.07,34.61,3.46,9.9971,133652.61,492962.983
670,300663.SZ,20190328,36.81,38.7,34.61,34.61,38.45,-3.84,-9.987,130348.39,472280.434
671,300663.SZ,20190327,36.07,40.6,33.75,38.45,37.5,0.95,2.5333,192615.25,709879.346
672,300663.SZ,20190326,34.0,38.94,34.0,37.5,35.4,2.1,5.9322,155997.76,591025.832
673,300663.SZ,20190325,34.82,37.3,33.3,35.4,34.31,1.09,3.1769,173238.88,613524.461
674,300663.SZ,20190322,34.31,34.31,33.2,34.31,31.19,3.12,10.0032,52560.58,179847.884
675,300663.SZ,20190321,31.19,31.19,31.19,31.19,28.35,2.84,10.0176,3308.77,10320.053
676,300663.SZ,20190320,27.98,28.35,27.0,28.35,25.77,2.58,10.0116,60842.39,170382.217
677,300663.SZ,20190319,23.9,25.77,23.21,25.77,23.43,2.34,9.9872,86327.11,213451.973
678,300663.SZ,20190318,20.82,23.43,20.82,23.43,21.3,2.13,10.0,92449.09,207773.132
679,300663.SZ,20190315,22.9,23.2,20.88,21.3,22.6,-1.3,-5.7522,82272.65,179909.058
680,300663.SZ,20190314,22.49,23.61,21.83,22.6,22.42,0.18,0.8029,72802.71,165462.244
681,300663.SZ,20190313,22.91,23.8,21.86,22.42,22.8,-0.38,-1.6667,77030.9,176369.841
682,300663.SZ,20190312,22.28,23.95,21.71,22.8,22.6,0.2,0.885,99171.65,224744.554
683,300663.SZ,20190311,20.8,22.63,20.8,22.6,20.57,2.03,9.8687,86769.18,191098.896
684,300663.SZ,20190308,21.8,22.25,20.55,20.57,22.53,-1.96,-8.6995,81776.0,175022.707
685,300663.SZ,20190307,22.25,22.99,21.3,22.53,22.23,0.3,1.3495,93261.22,207801.828
686,300663.SZ,20190306,21.5,22.42,21.05,22.23,21.5,0.73,3.3953,85429.01,185907.502
687,300663.SZ,20190305,20.2,21.78,20.16,21.5,20.45,1.05,5.1345,90905.84,192440.445
688,300663.SZ,20190304,21.05,21.97,20.4,20.45,20.45,0.0,0.0,99136.25,209271.809
689,300663.SZ,20190301,19.6,20.72,19.6,20.45,19.9,0.55,2.7638,63916.44,129262.812
690,300663.SZ,20190228,19.98,20.58,19.5,19.9,19.81,0.09,0.4543,51224.26,103206.985
691,300663.SZ,20190227,19.29,20.64,19.22,19.81,19.65,0.16,0.8142,89152.88,178881.97
692,300663.SZ,20190226,20.99,21.24,19.31,19.65,19.32,0.33,1.7081,160601.91,328318.131
693,300663.SZ,20190225,19.32,19.32,18.89,19.32,17.56,1.76,10.0228,72522.24,139795.399
694,300663.SZ,20190222,16.2,17.65,16.18,17.56,16.17,1.39,8.5962,74914.99,128052.746
695,300663.SZ,20190221,16.21,16.73,16.03,16.17,16.17,0.0,0.0,47850.28,78659.932
696,300663.SZ,20190220,17.0,17.22,16.08,16.17,16.46,-0.29,-1.7618,48317.87,79689.606
697,300663.SZ,20190219,16.07,17.2,15.92,16.46,16.02,0.44,2.7466,73642.36,121129.094
698,300663.SZ,20190218,15.19,16.47,15.19,16.02,15.12,0.9,5.9524,59376.54,94694.64
699,300663.SZ,20190215,14.92,15.55,14.91,15.12,14.95,0.17,1.1371,43757.54,66771.742
700,300663.SZ,20190214,14.96,15.13,14.76,14.95,14.96,-0.01,-0.0668,32517.78,48569.445
701,300663.SZ,20190213,14.64,15.16,14.58,14.96,14.62,0.34,2.3256,39772.58,59346.094
702,300663.SZ,20190212,14.58,14.75,14.43,14.62,14.5,0.12,0.8276,28943.13,42170.485
703,300663.SZ,20190211,14.19,14.56,14.05,14.5,14.01,0.49,3.4975,28647.14,41129.644
704,300663.SZ,20190201,13.59,14.06,13.51,14.01,13.46,0.55,4.0862,16992.03,23577.968
705,300663.SZ,20190131,13.9,14.08,13.43,13.46,13.8,-0.34,-2.4638,27709.35,37975.362
706,300663.SZ,20190130,14.8,14.96,13.73,13.8,15.11,-1.31,-8.6698,45311.98,64469.03
707,300663.SZ,20190129,14.47,15.22,14.45,15.11,14.58,0.53,3.6351,51912.24,77126.173
708,300663.SZ,20190128,14.61,15.16,14.49,14.58,14.33,0.25,1.7446,43862.3,65096.579
709,300663.SZ,20190125,14.62,14.88,14.3,14.33,14.68,-0.35,-2.3842,26898.13,39340.971
710,300663.SZ,20190124,14.64,15.18,14.45,14.68,14.63,0.05,0.3418,31388.68,46475.611
711,300663.SZ,20190123,14.77,14.9,14.36,14.63,14.88,-0.25,-1.6801,29613.97,43088.771
712,300663.SZ,20190122,14.8,15.09,14.71,14.88,14.83,0.05,0.3372,24377.18,36350.459
713,300663.SZ,20190121,15.01,15.19,14.65,14.83,15.09,-0.26,-1.723,37039.17,55317.225
714,300663.SZ,20190118,15.03,15.24,14.81,15.09,15.54,-0.45,-2.8958,56465.27,84933.732
715,300663.SZ,20190117,14.51,16.0,14.18,15.54,14.85,0.69,4.6465,102019.35,152776.128
716,300663.SZ,20190116,14.24,15.65,14.24,14.85,14.23,0.62,4.357,97699.45,148627.918
717,300663.SZ,20190115,14.15,14.29,13.9,14.23,14.16,0.07,0.4944,22344.41,31649.584
718,300663.SZ,20190114,14.19,14.38,14.08,14.16,14.13,0.03,0.2123,18973.19,26935.616
719,300663.SZ,20190111,14.06,14.25,13.92,14.13,13.89,0.24,1.7279,17289.54,24362.811
720,300663.SZ,20190110,14.04,14.16,13.86,13.89,14.03,-0.14,-0.9979,17482.29,24447.703
721,300663.SZ,20190109,14.04,14.33,13.96,14.03,13.96,0.07,0.5014,25088.12,35579.559
722,300663.SZ,20190108,14.19,14.29,13.86,13.96,14.23,-0.27,-1.8974,19985.34,28033.324
723,300663.SZ,20190107,14.06,14.35,13.97,14.23,13.95,0.28,2.0072,21177.49,30073.974
724,300663.SZ,20190104,13.33,14.05,13.33,13.95,13.53,0.42,3.1042,21191.28,29239.204
725,300663.SZ,20190103,13.8,13.93,13.4,13.53,13.83,-0.3,-2.1692,14214.46,19450.913
726,300663.SZ,20190102,13.89,14.13,13.76,13.83,13.85,-0.02,-0.1444,13256.34,18445.526
